870 1740
1 1.816861e-01 -3.336622e-02 -2.040616e-17
2 1.512681e-01 -3.338279e-02 -4.825594e-17
3 1.789208e-01 -3.336772e-02 -2.356876e-17
4 1.761556e-01 -3.336923e-02 -2.326192e-17
5 1.733903e-01 -3.337074e-02 -2.295508e-17
6 1.706250e-01 -3.337224e-02 -2.264824e-17
7 1.678597e-01 -3.337375e-02 -2.234140e-17
8 1.650945e-01 -3.337526e-02 -2.203456e-17
9 1.623292e-01 -3.337676e-02 -2.172772e-17
10 1.595639e-01 -3.337827e-02 -2.142088e-17
11 1.567986e-01 -3.337977e-02 -2.111404e-17
12 1.540334e-01 -3.338128e-02 -2.080721e-17
13 1.312216e-01 -2.919953e-02 -1.781033e-17
14 1.483234e-01 -3.329760e-02 -2.016398e-17
15 1.453889e-01 -3.303911e-02 -1.980949e-17
16 1.424747e-01 -3.260823e-02 -1.943811e-17
17 1.395909e-01 -3.200644e-02 -1.905113e-17
18 1.367476e-01 -3.123585e-02 -1.864991e-17
19 1.339546e-01 -3.029913e-02 -1.823583e-17
20 7.417869e-02 -4.271764e-03 4.680140e-17
21 1.285053e-01 -2.801249e-02 -1.737696e-17
22 1.257890e-01 -2.682546e-02 -1.694360e-17
23 1.230726e-01 -2.563842e-02 -1.651024e-17
24 1.203563e-01 -2.445138e-02 -1.607688e-17
25 1.176400e-01 -2.326435e-02 -1.564352e-17
26 1.149236e-01 -2.207731e-02 -1.521016e-17
27 1.122073e-01 -2.089027e-02 -1.477680e-17
28 1.094910e-01 -1.970324e-02 -1.434344e-17
29 1.067746e-01 -1.851620e-02 -1.391008e-17
30 1.040583e-01 -1.732916e-02 -1.347672e-17
31 1.013420e-01 -1.614213e-02 -1.304336e-17
32 9.862566e-02 -1.495509e-02 -1.261000e-17
33 9.590933e-02 -1.376806e-02 -1.217664e-17
34 9.319300e-02 -1.258102e-02 -1.174328e-17
35 9.047667e-02 -1.139398e-02 -1.130991e-17
36 8.776034e-02 -1.020695e-02 -1.087655e-17
37 8.504401e-02 -9.019909e-03 -1.044319e-17
38 8.232768e-02 -7.832873e-03 -1.000983e-17
39 7.961135e-02 -6.645837e-03 -9.576472e-18
40 7.689502e-02 -5.458800e-03 -9.143111e-18
41 5.413865e-02 -8.790157e-05 -6.020356e-18
42 7.144657e-02 -3.172476e-03 -8.284378e-18
43 6.865446e-02 -2.235948e-03 -7.870417e-18
44 6.581206e-02 -1.465424e-03 -7.469302e-18
45 6.292923e-02 -8.635715e-04 -7.082424e-18
46 6.001597e-02 -4.324726e-04 -6.711126e-18
47 5.708239e-02 -1.736184e-04 -6.356693e-18
48 -9.804391e-05 -1.062917e-04 -6.939810e-18
49 5.128409e-02 -8.886947e-05 -5.703544e-18
50 4.842952e-02 -8.983737e-05 -5.386731e-18
51 4.557496e-02 -9.080527e-05 -5.069918e-18
52 4.272040e-02 -9.177317e-05 -4.753106e-18
53 3.986583e-02 -9.274107e-05 -4.436293e-18
54 3.701127e-02 -9.370897e-05 -4.119480e-18
55 3.415671e-02 -9.467687e-05 -3.802668e-18
56 3.130215e-02 -9.564477e-05 -3.485855e-18
57 2.844758e-02 -9.661267e-05 -3.169042e-18
58 2.559302e-02 -9.758057e-05 -2.852230e-18
59 2.273846e-02 -9.854847e-05 -2.535417e-18
60 1.988390e-02 -9.951637e-05 -2.218604e-18
61 1.702933e-02 -1.004843e-04 -1.901792e-18
62 1.417477e-02 -1.014522e-04 -1.584979e-18
63 1.132021e-02 -1.024201e-04 -1.268166e-18
64 8.465644e-03 -1.033880e-04 -9.513537e-19
65 5.611082e-03 -1.043559e-04 -6.345410e-19
66 2.756519e-03 -1.053238e-04 -3.177284e-19
67 3.603287e-02 -2.792484e-02 -7.100731e-18
68 4.875782e-02 -2.097316e-02 -7.741694e-18
69 1.851003e-01 -3.677790e-02 -2.203135e-17
70 1.851003e-01 -5.403479e-02 7.579935e-17
71 1.821003e-01 -5.744900e-02 -2.972122e-16
72 9.069536e-02 -5.744900e-02 -1.644733e-17
73 9.069536e-02 -4.444900e-02 -1.500404e-17
74 8.469536e-02 -3.844900e-02 -1.367177e-17
75 7.939536e-02 -3.844900e-02 -1.308335e-17
76 7.139535e-02 -3.844900e-02 -1.219517e-17
77 -1.854675e-03 -3.844900e-02 -4.062786e-18
78 -3.854676e-03 -3.603479e-02 -3.572710e-18
79 -3.854676e-03 -3.863214e-03 -1.387874e-17
80 -3.854676e-03 -2.916905e-02 2.494512e-17
81 -3.854676e-03 -1.778094e-02 2.620945e-17
82 -3.854676e-03 -9.794075e-03 2.709617e-17
83 2.926621e-03 -3.844900e-02 -4.593617e-18
84 9.259406e-03 -3.844900e-02 -5.296697e-18
85 2.025755e-02 -3.844900e-02 -6.517737e-18
86 3.066883e-02 -3.844900e-02 -7.673621e-18
87 3.970568e-02 -3.844900e-02 -8.676913e-18
88 4.641580e-02 -3.844900e-02 -9.421886e-18
89 5.315082e-02 -3.844900e-02 -1.016962e-17
90 6.189224e-02 -3.844900e-02 -1.114012e-17
91 8.893800e-02 -4.020636e-02 -1.433790e-17
92 9.069536e-02 -4.961331e-02 -1.644475e-17
93 1.756252e-01 -5.744900e-02 -2.587644e-17
94 1.660820e-01 -5.744900e-02 -2.481692e-17
95 1.527188e-01 -5.744900e-02 -2.333331e-17
96 1.379222e-01 -5.744900e-02 -2.169056e-17
97 1.231318e-01 -5.744900e-02 -2.004849e-17
98 1.047540e-01 -5.744900e-02 -1.800815e-17
99 1.851003e-01 -4.231028e-02 -6.101625e-17
100 1.851003e-01 -4.892098e-02 -7.665791e-17
101 4.606265e-02 -1.819493e-02 -7.134024e-18
102 4.237990e-02 -1.719902e-02 -6.614588e-18
103 3.867681e-02 -1.822525e-02 -6.317398e-18
104 3.607540e-02 -2.089642e-02 -6.325142e-18
105 3.514541e-02 -2.441624e-02 -6.612672e-18
106 3.852207e-02 -3.057765e-02 -7.671610e-18
107 4.197570e-02 -3.168684e-02 -8.178185e-18
108 4.589477e-02 -3.079853e-02 -8.514667e-18
109 4.853260e-02 -2.830861e-02 -8.531088e-18
110 4.963411e-02 -2.485252e-02 -8.269677e-18
111 -3.844417e-03 -3.867462e-03 -1.384262e-17
112 -9.379312e-05 -1.165485e-04 -6.914794e-18
113 -3.820823e-03 -3.877235e-03 -1.375957e-17
114 -8.401629e-05 -1.401392e-04 -6.857257e-18
115 -3.766557e-03 -3.899712e-03 -1.356853e-17
116 -6.152960e-05 -1.943979e-04 -6.724924e-18
117 -3.641744e-03 -3.951408e-03 -1.312915e-17
118 -9.810206e-06 -3.191929e-04 -6.420557e-18
119 -3.354676e-03 -4.070309e-03 -1.211858e-17
120 1.091444e-04 -6.062214e-04 -5.720512e-18
121 2.756522e-03 -1.155820e-04 1.721337e-18
122 5.611085e-03 -1.146141e-04 1.037034e-17
123 8.465648e-03 -1.136462e-04 1.901933e-17
124 1.132021e-02 -1.126783e-04 2.766833e-17
125 1.417477e-02 -1.117104e-04 3.631733e-17
126 1.702934e-02 -1.107425e-04 4.496633e-17
127 1.988390e-02 -1.097746e-04 5.361533e-17
128 2.273846e-02 -1.088067e-04 6.226433e-17
129 2.559302e-02 -1.078389e-04 7.091333e-17
130 2.844759e-02 -1.068710e-04 7.956233e-17
131 3.130215e-02 -1.059031e-04 8.821133e-17
132 3.415671e-02 -1.049352e-04 9.686033e-17
133 3.701128e-02 -1.039673e-04 1.055093e-16
134 3.986584e-02 -1.029994e-04 1.141583e-16
135 4.272040e-02 -1.020315e-04 1.228073e-16
136 4.557496e-02 -1.010636e-04 1.314563e-16
137 4.842953e-02 -1.000957e-04 1.401053e-16
138 5.128409e-02 -9.912775e-05 1.487543e-16
139 5.413865e-02 -9.815985e-05 1.574033e-16
140 2.756530e-03 -1.391761e-04 1.749274e-18
141 5.611093e-03 -1.382082e-04 1.039827e-17
142 8.465656e-03 -1.372403e-04 1.904727e-17
143 1.132022e-02 -1.362724e-04 2.769627e-17
144 1.417478e-02 -1.353045e-04 3.634527e-17
145 1.702934e-02 -1.343366e-04 4.499427e-17
146 1.988391e-02 -1.333687e-04 5.364327e-17
147 2.273847e-02 -1.324008e-04 6.229227e-17
148 2.559303e-02 -1.314329e-04 7.094127e-17
149 2.844760e-02 -1.304650e-04 7.959027e-17
150 3.130216e-02 -1.294971e-04 8.823927e-17
151 3.415672e-02 -1.285292e-04 9.688827e-17
152 3.701128e-02 -1.275613e-04 1.055373e-16
153 3.986585e-02 -1.265934e-04 1.141863e-16
154 4.272041e-02 -1.256255e-04 1.228353e-16
155 4.557497e-02 -1.246576e-04 1.314843e-16
156 4.842953e-02 -1.236897e-04 1.401333e-16
157 5.128410e-02 -1.227218e-04 1.487823e-16
158 5.413866e-02 -1.217539e-04 1.574313e-16
159 2.756549e-03 -1.934424e-04 1.813532e-18
160 5.611112e-03 -1.924745e-04 1.046253e-17
161 8.465674e-03 -1.915066e-04 1.911153e-17
162 1.132024e-02 -1.905387e-04 2.776053e-17
163 1.417480e-02 -1.895708e-04 3.640953e-17
164 1.702936e-02 -1.886029e-04 4.505853e-17
165 1.988393e-02 -1.876350e-04 5.370753e-17
166 2.273849e-02 -1.866671e-04 6.235653e-17
167 2.559305e-02 -1.856992e-04 7.100553e-17
168 2.844761e-02 -1.847313e-04 7.965452e-17
169 3.130218e-02 -1.837634e-04 8.830352e-17
170 3.415674e-02 -1.827955e-04 9.695252e-17
171 3.701130e-02 -1.818276e-04 1.056015e-16
172 3.986586e-02 -1.808597e-04 1.142505e-16
173 4.272043e-02 -1.798918e-04 1.228995e-16
174 4.557499e-02 -1.789239e-04 1.315485e-16
175 4.842955e-02 -1.779560e-04 1.401975e-16
176 5.128412e-02 -1.769881e-04 1.488465e-16
177 5.413868e-02 -1.760202e-04 1.574955e-16
178 2.756591e-03 -3.182549e-04 1.961323e-18
179 5.611154e-03 -3.172870e-04 1.061032e-17
180 8.465717e-03 -3.163191e-04 1.925932e-17
181 1.132028e-02 -3.153512e-04 2.790832e-17
182 1.417484e-02 -3.143833e-04 3.655732e-17
183 1.702940e-02 -3.134154e-04 4.520632e-17
184 1.988397e-02 -3.124475e-04 5.385532e-17
185 2.273853e-02 -3.114796e-04 6.250432e-17
186 2.559309e-02 -3.105117e-04 7.115332e-17
187 2.844766e-02 -3.095438e-04 7.980232e-17
188 3.130222e-02 -3.085759e-04 8.845132e-17
189 3.415678e-02 -3.076080e-04 9.710031e-17
190 3.701134e-02 -3.066401e-04 1.057493e-16
191 3.986591e-02 -3.056722e-04 1.143983e-16
192 4.272047e-02 -3.047043e-04 1.230473e-16
193 4.557503e-02 -3.037364e-04 1.316963e-16
194 4.842960e-02 -3.027685e-04 1.403453e-16
195 5.128416e-02 -3.018006e-04 1.489943e-16
196 5.413872e-02 -3.008327e-04 1.576433e-16
197 2.756688e-03 -6.053237e-04 2.301244e-18
198 5.611251e-03 -6.043558e-04 1.095024e-17
199 8.465814e-03 -6.033879e-04 1.959924e-17
200 1.132038e-02 -6.024200e-04 2.824824e-17
201 1.417494e-02 -6.014521e-04 3.689724e-17
202 1.702950e-02 -6.004842e-04 4.554624e-17
203 1.988407e-02 -5.995163e-04 5.419524e-17
204 2.273863e-02 -5.985484e-04 6.284424e-17
205 2.559319e-02 -5.975805e-04 7.149324e-17
206 2.844775e-02 -5.966126e-04 8.014224e-17
207 3.130232e-02 -5.956447e-04 8.879124e-17
208 3.415688e-02 -5.946768e-04 9.744024e-17
209 3.701144e-02 -5.937089e-04 1.060892e-16
210 3.986600e-02 -5.927410e-04 1.147382e-16
211 4.272057e-02 -5.917731e-04 1.233872e-16
212 4.557513e-02 -5.908052e-04 1.320362e-16
213 4.842969e-02 -5.898373e-04 1.406852e-16
214 5.128426e-02 -5.888694e-04 1.493342e-16
215 5.413882e-02 -5.879015e-04 1.579832e-16
216 5.708179e-02 -1.838591e-04 1.664232e-16
217 6.001477e-02 -4.426602e-04 1.756172e-16
218 6.292743e-02 -8.736707e-04 1.849533e-16
219 6.580967e-02 -1.475400e-03 1.943992e-16
220 6.865149e-02 -2.245766e-03 2.039222e-16
221 7.144302e-02 -3.182101e-03 2.134891e-16
222 7.417458e-02 -4.281164e-03 2.230668e-16
223 5.708040e-02 -2.074127e-04 1.664469e-16
224 6.001201e-02 -4.660917e-04 1.756366e-16
225 6.292329e-02 -8.968988e-04 1.849683e-16
226 6.580417e-02 -1.498344e-03 1.944097e-16
227 6.864465e-02 -2.268346e-03 2.039282e-16
228 7.143486e-02 -3.204240e-03 2.134905e-16
229 7.416513e-02 -4.302784e-03 2.230637e-16
230 5.707723e-02 -2.615860e-04 1.665014e-16
231 6.000565e-02 -5.199841e-04 1.756810e-16
232 6.291377e-02 -9.503233e-04 1.850026e-16
233 6.579152e-02 -1.551115e-03 1.944338e-16
234 6.862891e-02 -2.320281e-03 2.039419e-16
235 7.141610e-02 -3.255159e-03 2.134939e-16
236 7.414340e-02 -4.352509e-03 2.230567e-16
237 5.706992e-02 -3.861846e-04 1.666267e-16
238 5.999102e-02 -6.439366e-04 1.757834e-16
239 6.289187e-02 -1.073200e-03 1.850816e-16
240 6.576243e-02 -1.672490e-03 1.944893e-16
241 6.859272e-02 -2.439732e-03 2.039736e-16
242 7.137294e-02 -3.372272e-03 2.135017e-16
243 7.409343e-02 -4.466878e-03 2.230406e-16
244 5.705312e-02 -6.727614e-04 1.669148e-16
245 5.995738e-02 -9.290273e-04 1.760187e-16
246 6.284151e-02 -1.355816e-03 1.852634e-16
247 6.569551e-02 -1.951650e-03 1.946168e-16
248 6.850949e-02 -2.714469e-03 2.040464e-16
249 7.127367e-02 -3.641632e-03 2.135196e-16
250 7.397847e-02 -4.729927e-03 2.230034e-16
251 7.689091e-02 -5.468200e-03 2.327024e-16
252 7.960724e-02 -6.655237e-03 2.423380e-16
253 8.232357e-02 -7.842273e-03 2.519736e-16
254 8.503990e-02 -9.029309e-03 2.616093e-16
255 8.775623e-02 -1.021635e-02 2.712449e-16
256 9.047256e-02 -1.140338e-02 2.808805e-16
257 9.318889e-02 -1.259042e-02 2.905161e-16
258 9.590522e-02 -1.377746e-02 3.001517e-16
259 9.862155e-02 -1.496449e-02 3.097874e-16
260 1.013379e-01 -1.615153e-02 3.194230e-16
261 1.040542e-01 -1.733856e-02 3.290586e-16
262 1.067705e-01 -1.852560e-02 3.386942e-16
263 1.094869e-01 -1.971264e-02 3.483298e-16
264 1.122032e-01 -2.089967e-02 3.579655e-16
265 1.149195e-01 -2.208671e-02 3.676011e-16
266 1.176359e-01 -2.327375e-02 3.772367e-16
267 1.203522e-01 -2.446078e-02 3.868723e-16
268 1.230685e-01 -2.564782e-02 3.965079e-16
269 1.257849e-01 -2.683486e-02 4.061436e-16
270 1.285012e-01 -2.802189e-02 4.157792e-16
271 1.312175e-01 -2.920893e-02 4.254148e-16
272 7.688146e-02 -5.489820e-03 2.326993e-16
273 7.959779e-02 -6.676856e-03 2.423350e-16
274 8.231412e-02 -7.863893e-03 2.519706e-16
275 8.503045e-02 -9.050929e-03 2.616062e-16
276 8.774678e-02 -1.023797e-02 2.712418e-16
277 9.046311e-02 -1.142500e-02 2.808774e-16
278 9.317944e-02 -1.261204e-02 2.905131e-16
279 9.589577e-02 -1.379908e-02 3.001487e-16
280 9.861210e-02 -1.498611e-02 3.097843e-16
281 1.013284e-01 -1.617315e-02 3.194199e-16
282 1.040448e-01 -1.736018e-02 3.290555e-16
283 1.067611e-01 -1.854722e-02 3.386912e-16
284 1.094774e-01 -1.973426e-02 3.483268e-16
285 1.121938e-01 -2.092129e-02 3.579624e-16
286 1.149101e-01 -2.210833e-02 3.675980e-16
287 1.176264e-01 -2.329537e-02 3.772336e-16
288 1.203427e-01 -2.448240e-02 3.868693e-16
289 1.230591e-01 -2.566944e-02 3.965049e-16
290 1.257754e-01 -2.685648e-02 4.061405e-16
291 1.284917e-01 -2.804351e-02 4.157761e-16
292 1.312081e-01 -2.923055e-02 4.254117e-16
293 7.685973e-02 -5.539546e-03 2.326923e-16
294 7.957606e-02 -6.726582e-03 2.423279e-16
295 8.229239e-02 -7.913618e-03 2.519636e-16
296 8.500872e-02 -9.100655e-03 2.615992e-16
297 8.772505e-02 -1.028769e-02 2.712348e-16
298 9.044138e-02 -1.147473e-02 2.808704e-16
299 9.315771e-02 -1.266176e-02 2.905060e-16
300 9.587404e-02 -1.384880e-02 3.001417e-16
301 9.859037e-02 -1.503584e-02 3.097773e-16
302 1.013067e-01 -1.622287e-02 3.194129e-16
303 1.040230e-01 -1.740991e-02 3.290485e-16
304 1.067394e-01 -1.859695e-02 3.386841e-16
305 1.094557e-01 -1.978398e-02 3.483198e-16
306 1.121720e-01 -2.097102e-02 3.579554e-16
307 1.148884e-01 -2.215806e-02 3.675910e-16
308 1.176047e-01 -2.334509e-02 3.772266e-16
309 1.203210e-01 -2.453213e-02 3.868622e-16
310 1.230373e-01 -2.571917e-02 3.964979e-16
311 1.257537e-01 -2.690620e-02 4.061335e-16
312 1.284700e-01 -2.809324e-02 4.157691e-16
313 1.311863e-01 -2.928028e-02 4.254047e-16
314 7.680976e-02 -5.653915e-03 2.326762e-16
315 7.952609e-02 -6.840951e-03 2.423118e-16
316 8.224242e-02 -8.027987e-03 2.519474e-16
317 8.495875e-02 -9.215024e-03 2.615830e-16
318 8.767508e-02 -1.040206e-02 2.712187e-16
319 9.039141e-02 -1.158910e-02 2.808543e-16
320 9.310773e-02 -1.277613e-02 2.904899e-16
321 9.582406e-02 -1.396317e-02 3.001255e-16
322 9.854039e-02 -1.515021e-02 3.097611e-16
323 1.012567e-01 -1.633724e-02 3.193968e-16
324 1.039731e-01 -1.752428e-02 3.290324e-16
325 1.066894e-01 -1.871132e-02 3.386680e-16
326 1.094057e-01 -1.989835e-02 3.483036e-16
327 1.121220e-01 -2.108539e-02 3.579392e-16
328 1.148384e-01 -2.227243e-02 3.675749e-16
329 1.175547e-01 -2.345946e-02 3.772105e-16
330 1.202710e-01 -2.464650e-02 3.868461e-16
331 1.229874e-01 -2.583353e-02 3.964817e-16
332 1.257037e-01 -2.702057e-02 4.061173e-16
333 1.284200e-01 -2.820761e-02 4.157530e-16
334 1.311364e-01 -2.939464e-02 4.253886e-16
335 7.669480e-02 -5.916963e-03 2.326391e-16
336 7.941113e-02 -7.103999e-03 2.422747e-16
337 8.212746e-02 -8.291036e-03 2.519103e-16
338 8.484379e-02 -9.478072e-03 2.615459e-16
339 8.756012e-02 -1.066511e-02 2.711815e-16
340 9.027645e-02 -1.185215e-02 2.808172e-16
341 9.299278e-02 -1.303918e-02 2.904528e-16
342 9.570911e-02 -1.422622e-02 3.000884e-16
343 9.842544e-02 -1.541325e-02 3.097240e-16
344 1.011418e-01 -1.660029e-02 3.193596e-16
345 1.038581e-01 -1.778733e-02 3.289953e-16
346 1.065744e-01 -1.897436e-02 3.386309e-16
347 1.092908e-01 -2.016140e-02 3.482665e-16
348 1.120071e-01 -2.134844e-02 3.579021e-16
349 1.147234e-01 -2.253547e-02 3.675377e-16
350 1.174398e-01 -2.372251e-02 3.771734e-16
351 1.201561e-01 -2.490955e-02 3.868090e-16
352 1.228724e-01 -2.609658e-02 3.964446e-16
353 1.255887e-01 -2.728362e-02 4.060802e-16
354 1.283051e-01 -2.847066e-02 4.157158e-16
355 1.310214e-01 -2.965769e-02 4.253515e-16
356 1.339510e-01 -3.030875e-02 4.349994e-16
357 1.367446e-01 -3.124567e-02 4.445732e-16
358 1.395885e-01 -3.201642e-02 4.541029e-16
359 1.424729e-01 -3.261832e-02 4.635554e-16
360 1.453877e-01 -3.304930e-02 4.728980e-16
361 1.483228e-01 -3.330784e-02 4.820982e-16
362 1.512681e-01 -3.339305e-02 4.911240e-16
363 1.339429e-01 -3.033089e-02 4.350009e-16
364 1.367378e-01 -3.126825e-02 4.445791e-16
365 1.395830e-01 -3.203936e-02 4.541133e-16
366 1.424687e-01 -3.264155e-02 4.635704e-16
367 1.453849e-01 -3.307273e-02 4.729173e-16
368 1.483215e-01 -3.333139e-02 4.821219e-16
369 1.512681e-01 -3.341664e-02 4.911519e-16
370 1.339241e-01 -3.038181e-02 4.350042e-16
371 1.367220e-01 -3.132019e-02 4.445929e-16
372 1.395704e-01 -3.209213e-02 4.541375e-16
373 1.424592e-01 -3.269498e-02 4.636047e-16
374 1.453786e-01 -3.312662e-02 4.729619e-16
375 1.483183e-01 -3.338556e-02 4.821764e-16
376 1.512681e-01 -3.347091e-02 4.912162e-16
377 1.338810e-01 -3.049893e-02 4.350120e-16
378 1.366859e-01 -3.143964e-02 4.446246e-16
379 1.395413e-01 -3.221351e-02 4.541929e-16
380 1.424373e-01 -3.281786e-02 4.636838e-16
381 1.453640e-01 -3.325058e-02 4.730642e-16
382 1.483110e-01 -3.351016e-02 4.823017e-16
383 1.512682e-01 -3.359572e-02 4.913641e-16
384 1.337817e-01 -3.076829e-02 4.350299e-16
385 1.366026e-01 -3.171438e-02 4.446974e-16
386 1.394744e-01 -3.249268e-02 4.543205e-16
387 1.423870e-01 -3.310048e-02 4.638656e-16
388 1.453304e-01 -3.353567e-02 4.732997e-16
389 1.482942e-01 -3.379674e-02 4.825900e-16
390 1.512684e-01 -3.388279e-02 4.917042e-16
391 1.540334e-01 -3.339154e-02 4.995018e-16
392 1.567986e-01 -3.339003e-02 5.078796e-16
393 1.595639e-01 -3.338853e-02 5.162573e-16
394 1.623292e-01 -3.338702e-02 5.246351e-16
395 1.650945e-01 -3.338551e-02 5.330129e-16
396 1.678597e-01 -3.338401e-02 5.413907e-16
397 1.706250e-01 -3.338250e-02 5.497685e-16
398 1.733903e-01 -3.338099e-02 5.581463e-16
399 1.761556e-01 -3.337949e-02 5.665241e-16
400 1.789208e-01 -3.337798e-02 5.749019e-16
401 1.816819e-01 -3.337648e-02 5.832668e-16
402 1.540334e-01 -3.341513e-02 4.995297e-16
403 1.567987e-01 -3.341363e-02 5.079075e-16
404 1.595639e-01 -3.341212e-02 5.162853e-16
405 1.623292e-01 -3.341061e-02 5.246631e-16
406 1.650945e-01 -3.340911e-02 5.330409e-16
407 1.678598e-01 -3.340760e-02 5.414187e-16
408 1.706250e-01 -3.340609e-02 5.497965e-16
409 1.733903e-01 -3.340459e-02 5.581743e-16
410 1.761556e-01 -3.340308e-02 5.665521e-16
411 1.789208e-01 -3.340158e-02 5.749298e-16
412 1.816721e-01 -3.340008e-02 5.832651e-16
413 1.540334e-01 -3.346940e-02 4.995940e-16
414 1.567987e-01 -3.346789e-02 5.079718e-16
415 1.595640e-01 -3.346639e-02 5.163496e-16
416 1.623292e-01 -3.346488e-02 5.247274e-16
417 1.650945e-01 -3.346337e-02 5.331052e-16
418 1.678598e-01 -3.346187e-02 5.414830e-16
419 1.706251e-01 -3.346036e-02 5.498608e-16
420 1.733903e-01 -3.345885e-02 5.582386e-16
421 1.761556e-01 -3.345735e-02 5.666163e-16
422 1.789209e-01 -3.345584e-02 5.749941e-16
423 1.816496e-01 -3.345436e-02 5.832613e-16
424 1.540335e-01 -3.359421e-02 4.997419e-16
425 1.567988e-01 -3.359271e-02 5.081197e-16
426 1.595640e-01 -3.359120e-02 5.164975e-16
427 1.623293e-01 -3.358969e-02 5.248753e-16
428 1.650946e-01 -3.358819e-02 5.332530e-16
429 1.678598e-01 -3.358668e-02 5.416308e-16
430 1.706251e-01 -3.358517e-02 5.500086e-16
431 1.733904e-01 -3.358367e-02 5.583864e-16
432 1.761557e-01 -3.358216e-02 5.667642e-16
433 1.789209e-01 -3.358065e-02 5.751420e-16
434 1.815980e-01 -3.357920e-02 5.832525e-16
435 1.540336e-01 -3.388128e-02 5.000820e-16
436 1.567989e-01 -3.387977e-02 5.084598e-16
437 1.595642e-01 -3.387827e-02 5.168376e-16
438 1.623295e-01 -3.387676e-02 5.252154e-16
439 1.650947e-01 -3.387526e-02 5.335931e-16
440 1.678600e-01 -3.387375e-02 5.419709e-16
441 1.706253e-01 -3.387224e-02 5.503487e-16
442 1.733906e-01 -3.387074e-02 5.587265e-16
443 1.761558e-01 -3.386923e-02 5.671043e-16
444 1.789211e-01 -3.386772e-02 5.754821e-16
445 1.814792e-01 -3.386633e-02 5.832323e-16
446 1.850901e-01 -3.678215e-02 5.976239e-16
447 1.850665e-01 -3.679193e-02 5.975640e-16
448 1.850122e-01 -3.681442e-02 5.974261e-16
449 1.848874e-01 -3.686614e-02 5.971091e-16
450 1.846003e-01 -3.698511e-02 5.963800e-16
451 1.850901e-01 -4.231028e-02 6.041641e-16
452 1.850901e-01 -4.892098e-02 6.119851e-16
453 1.850901e-01 -5.403092e-02 6.180306e-16
454 1.850665e-01 -4.231028e-02 6.040926e-16
455 1.850665e-01 -4.892098e-02 6.119136e-16
456 1.850665e-01 -5.402203e-02 6.179486e-16
457 1.850122e-01 -4.231028e-02 6.039282e-16
458 1.850122e-01 -4.892098e-02 6.117492e-16
459 1.850122e-01 -5.400157e-02 6.177599e-16
460 1.848874e-01 -4.231028e-02 6.035500e-16
461 1.848874e-01 -4.892098e-02 6.113710e-16
462 1.848874e-01 -5.395453e-02 6.173261e-16
463 1.846003e-01 -4.231028e-02 6.026801e-16
464 1.846003e-01 -4.892098e-02 6.105011e-16
465 1.846003e-01 -5.384632e-02 6.163281e-16
466 1.820957e-01 -5.743874e-02 6.129884e-16
467 1.820850e-01 -5.741515e-02 6.129282e-16
468 1.820604e-01 -5.736088e-02 6.127896e-16
469 1.820040e-01 -5.723607e-02 6.124707e-16
470 1.818741e-01 -5.694900e-02 6.117375e-16
471 1.756252e-01 -5.743874e-02 5.933811e-16
472 1.660820e-01 -5.743874e-02 5.644623e-16
473 1.527188e-01 -5.743874e-02 5.239680e-16
474 1.379222e-01 -5.743874e-02 4.791300e-16
475 1.231318e-01 -5.743874e-02 4.343108e-16
476 1.047540e-01 -5.743874e-02 3.786210e-16
477 9.070562e-02 -5.743874e-02 3.360503e-16
478 1.756252e-01 -5.741515e-02 5.933532e-16
479 1.660820e-01 -5.741515e-02 5.644344e-16
480 1.527188e-01 -5.741515e-02 5.239401e-16
481 1.379222e-01 -5.741515e-02 4.791021e-16
482 1.231318e-01 -5.741515e-02 4.342829e-16
483 1.047540e-01 -5.741515e-02 3.785931e-16
484 9.072921e-02 -5.741515e-02 3.360939e-16
485 1.756252e-01 -5.736088e-02 5.932890e-16
486 1.660820e-01 -5.736088e-02 5.643702e-16
487 1.527188e-01 -5.736088e-02 5.238759e-16
488 1.379222e-01 -5.736088e-02 4.790379e-16
489 1.231318e-01 -5.736088e-02 4.342187e-16
490 1.047540e-01 -5.736088e-02 3.785289e-16
491 9.078348e-02 -5.736088e-02 3.361941e-16
492 1.756252e-01 -5.723607e-02 5.931414e-16
493 1.660820e-01 -5.723607e-02 5.642225e-16
494 1.527188e-01 -5.723607e-02 5.237282e-16
495 1.379222e-01 -5.723607e-02 4.788902e-16
496 1.231318e-01 -5.723607e-02 4.340710e-16
497 1.047540e-01 -5.723607e-02 3.783812e-16
498 9.090829e-02 -5.723607e-02 3.364247e-16
499 1.756252e-01 -5.694900e-02 5.928017e-16
500 1.660820e-01 -5.694900e-02 5.638829e-16
501 1.527188e-01 -5.694900e-02 5.233886e-16
502 1.379222e-01 -5.694900e-02 4.785506e-16
503 1.231318e-01 -5.694900e-02 4.337314e-16
504 1.047540e-01 -5.694900e-02 3.780416e-16
505 9.119536e-02 -5.694900e-02 3.369550e-16
506 9.070562e-02 -4.961331e-02 3.267922e-16
507 9.070562e-02 -4.444900e-02 3.206824e-16
508 9.072921e-02 -4.961331e-02 3.268637e-16
509 9.072921e-02 -4.444900e-02 3.207539e-16
510 9.078348e-02 -4.961331e-02 3.270281e-16
511 9.078348e-02 -4.444900e-02 3.209183e-16
512 9.090829e-02 -4.961331e-02 3.274063e-16
513 9.090829e-02 -4.444900e-02 3.212966e-16
514 9.119536e-02 -4.961331e-02 3.282762e-16
515 9.119536e-02 -4.444900e-02 3.221665e-16
516 8.894525e-02 -4.019910e-02 3.103200e-16
517 8.469536e-02 -3.843874e-02 2.953589e-16
518 8.896194e-02 -4.018242e-02 3.103508e-16
519 8.469536e-02 -3.841515e-02 2.953310e-16
520 8.900031e-02 -4.014405e-02 3.104217e-16
521 8.469536e-02 -3.836088e-02 2.952668e-16
522 8.908856e-02 -4.005579e-02 3.105847e-16
523 8.469536e-02 -3.823607e-02 2.951192e-16
524 8.929155e-02 -3.985280e-02 3.109597e-16
525 8.469536e-02 -3.794900e-02 2.947795e-16
526 7.939536e-02 -3.843874e-02 2.792984e-16
527 7.939536e-02 -3.841515e-02 2.792705e-16
528 7.939536e-02 -3.836088e-02 2.792063e-16
529 7.939536e-02 -3.823607e-02 2.790586e-16
530 7.939536e-02 -3.794900e-02 2.787190e-16
531 7.139535e-02 -3.843874e-02 2.550561e-16
532 7.139535e-02 -3.841515e-02 2.550282e-16
533 7.139535e-02 -3.836088e-02 2.549640e-16
534 7.139535e-02 -3.823607e-02 2.548163e-16
535 7.139535e-02 -3.794900e-02 2.544767e-16
536 6.189224e-02 -3.843874e-02 2.262590e-16
537 5.315082e-02 -3.843874e-02 1.997699e-16
538 4.641580e-02 -3.843874e-02 1.793609e-16
539 3.970568e-02 -3.843874e-02 1.590273e-16
540 3.066883e-02 -3.843874e-02 1.316431e-16
541 2.025755e-02 -3.843874e-02 1.000939e-16
542 9.259406e-03 -3.843874e-02 6.676637e-17
543 2.926621e-03 -3.843874e-02 4.757621e-17
544 -1.849852e-03 -3.843874e-02 3.310213e-17
545 6.189224e-02 -3.841515e-02 2.262311e-16
546 5.315082e-02 -3.841515e-02 1.997420e-16
547 4.641580e-02 -3.841515e-02 1.793330e-16
548 3.970568e-02 -3.841515e-02 1.589994e-16
549 3.066883e-02 -3.841515e-02 1.316152e-16
550 2.025755e-02 -3.841515e-02 1.000660e-16
551 9.259406e-03 -3.841515e-02 6.673846e-17
552 2.926621e-03 -3.841515e-02 4.754830e-17
553 -1.838759e-03 -3.841515e-02 3.310783e-17
554 6.189224e-02 -3.836088e-02 2.261669e-16
555 5.315082e-02 -3.836088e-02 1.996778e-16
556 4.641580e-02 -3.836088e-02 1.792688e-16
557 3.970568e-02 -3.836088e-02 1.589352e-16
558 3.066883e-02 -3.836088e-02 1.315510e-16
559 2.025755e-02 -3.836088e-02 1.000018e-16
560 9.259406e-03 -3.836088e-02 6.667426e-17
561 2.926621e-03 -3.836088e-02 4.748410e-17
562 -1.813246e-03 -3.836088e-02 3.312094e-17
563 6.189224e-02 -3.823607e-02 2.260192e-16
564 5.315082e-02 -3.823607e-02 1.995302e-16
565 4.641580e-02 -3.823607e-02 1.791211e-16
566 3.970568e-02 -3.823607e-02 1.587875e-16
567 3.066883e-02 -3.823607e-02 1.314033e-16
568 2.025755e-02 -3.823607e-02 9.985414e-17
569 9.259406e-03 -3.823607e-02 6.652659e-17
570 2.926621e-03 -3.823607e-02 4.733644e-17
571 -1.754566e-03 -3.823607e-02 3.315110e-17
572 6.189224e-02 -3.794900e-02 2.256796e-16
573 5.315082e-02 -3.794900e-02 1.991905e-16
574 4.641580e-02 -3.794900e-02 1.787815e-16
575 3.970568e-02 -3.794900e-02 1.584479e-16
576 3.066883e-02 -3.794900e-02 1.310637e-16
577 2.025755e-02 -3.794900e-02 9.951451e-17
578 9.259406e-03 -3.794900e-02 6.618697e-17
579 2.926621e-03 -3.794900e-02 4.699681e-17
580 -1.619602e-03 -3.794900e-02 3.322045e-17
581 -3.844417e-03 -3.603109e-02 2.420958e-17
582 -3.820823e-03 -3.602259e-02 2.427101e-17
583 -3.766557e-03 -3.600303e-02 2.441232e-17
584 -3.641744e-03 -3.595804e-02 2.473732e-17
585 -3.354676e-03 -3.585458e-02 2.548481e-17
586 -3.844417e-03 -2.916905e-02 1.609122e-17
587 -3.844417e-03 -1.778094e-02 2.618161e-18
588 -3.844417e-03 -9.794075e-03 -6.830956e-18
589 -3.820823e-03 -2.916905e-02 1.616272e-17
590 -3.820823e-03 -1.778094e-02 2.689658e-18
591 -3.820823e-03 -9.794075e-03 -6.759460e-18
592 -3.766557e-03 -2.916905e-02 1.632716e-17
593 -3.766557e-03 -1.778094e-02 2.854100e-18
594 -3.766557e-03 -9.794075e-03 -6.595017e-18
595 -3.641744e-03 -2.916905e-02 1.670538e-17
596 -3.641744e-03 -1.778094e-02 3.232318e-18
597 -3.641744e-03 -9.794075e-03 -6.216799e-18
598 -3.354676e-03 -2.916905e-02 1.757528e-17
599 -3.354676e-03 -1.778094e-02 4.102219e-18
600 -3.354676e-03 -9.794075e-03 -5.346898e-18
601 4.876682e-02 -2.096825e-02 1.658161e-16
602 4.606783e-02 -1.818608e-02 1.543459e-16
603 4.237988e-02 -1.718876e-02 1.419904e-16
604 3.867155e-02 -1.821645e-02 1.319690e-16
605 3.606645e-02 -2.089139e-02 1.272395e-16
606 3.513516e-02 -2.441619e-02 1.285875e-16
607 3.602386e-02 -2.792976e-02 1.354374e-16
608 4.878753e-02 -2.095693e-02 1.658655e-16
609 4.607977e-02 -1.816573e-02 1.543580e-16
610 4.237983e-02 -1.716516e-02 1.419624e-16
611 3.865945e-02 -1.819619e-02 1.319083e-16
612 3.604589e-02 -2.087983e-02 1.271635e-16
613 3.511156e-02 -2.441609e-02 1.285159e-16
614 3.600316e-02 -2.794107e-02 1.353880e-16
615 4.883515e-02 -2.093092e-02 1.659790e-16
616 4.610722e-02 -1.811891e-02 1.543858e-16
617 4.237971e-02 -1.711090e-02 1.418978e-16
618 3.863161e-02 -1.814961e-02 1.317689e-16
619 3.599858e-02 -2.085324e-02 1.269887e-16
620 3.505730e-02 -2.441584e-02 1.283511e-16
621 3.595554e-02 -2.796708e-02 1.352745e-16
622 4.894468e-02 -2.087108e-02 1.662402e-16
623 4.617035e-02 -1.801125e-02 1.544497e-16
624 4.237945e-02 -1.698608e-02 1.417493e-16
625 3.856760e-02 -1.804246e-02 1.314481e-16
626 3.588978e-02 -2.079208e-02 1.265866e-16
627 3.493248e-02 -2.441528e-02 1.279723e-16
628 3.584600e-02 -2.802692e-02 1.350134e-16
629 4.919661e-02 -2.073345e-02 1.668407e-16
630 4.631556e-02 -1.776361e-02 1.545968e-16
631 4.237883e-02 -1.669902e-02 1.414079e-16
632 3.842036e-02 -1.779603e-02 1.307104e-16
633 3.563954e-02 -2.065141e-02 1.256619e-16
634 3.464542e-02 -2.441398e-02 1.271008e-16
635 3.559408e-02 -2.816455e-02 1.344128e-16
636 3.851659e-02 -3.058632e-02 1.461340e-16
637 4.197511e-02 -3.169709e-02 1.579284e-16
638 4.589972e-02 -3.080751e-02 1.687687e-16
639 4.854129e-02 -2.831407e-02 1.738234e-16
640 4.964435e-02 -2.485309e-02 1.730714e-16
641 3.850399e-02 -3.060626e-02 1.461194e-16
642 4.197374e-02 -3.172064e-02 1.579521e-16
643 4.591111e-02 -3.082818e-02 1.688276e-16
644 4.856126e-02 -2.832663e-02 1.738988e-16
645 4.966791e-02 -2.485441e-02 1.731443e-16
646 3.847500e-02 -3.065214e-02 1.460858e-16
647 4.197060e-02 -3.177482e-02 1.580067e-16
648 4.593730e-02 -3.087570e-02 1.689632e-16
649 4.860720e-02 -2.835552e-02 1.740722e-16
650 4.972209e-02 -2.485743e-02 1.733121e-16
651 3.840832e-02 -3.075765e-02 1.460086e-16
652 4.196337e-02 -3.189942e-02 1.581322e-16
653 4.599755e-02 -3.098501e-02 1.692751e-16
654 4.871285e-02 -2.842197e-02 1.744710e-16
655 4.984671e-02 -2.486437e-02 1.736980e-16
656 3.825495e-02 -3.100031e-02 1.458309e-16
657 4.194676e-02 -3.218601e-02 1.584209e-16
658 4.613611e-02 -3.123643e-02 1.699924e-16
659 4.895586e-02 -2.857479e-02 1.753882e-16
660 5.013333e-02 -2.488035e-02 1.745854e-16
661 5.563901e-04 -4.979229e-03 8.083967e-19
662 7.068554e-03 -3.290784e-03 1.854455e-17
663 1.274028e-02 -3.696069e-03 3.621098e-17
664 1.844888e-02 -3.377792e-03 5.313313e-17
665 2.436954e-02 -3.537559e-03 7.126345e-17
666 2.985189e-02 -3.082826e-03 8.733856e-17
667 3.536214e-02 -3.326797e-03 1.043248e-16
668 4.120454e-02 -3.333548e-03 1.220370e-16
669 4.690208e-02 -3.334601e-03 1.393034e-16
670 5.259286e-02 -3.448998e-03 1.566835e-16
671 5.825815e-02 -3.495417e-03 1.739058e-16
672 6.387623e-02 -4.006673e-03 1.915351e-16
673 6.898711e-02 -6.065349e-03 2.094581e-16
674 7.430441e-02 -7.968797e-03 2.278230e-16
675 7.970028e-02 -1.019168e-02 2.468038e-16
676 8.513652e-02 -1.263372e-02 2.661663e-16
677 9.042297e-02 -1.487023e-02 2.848318e-16
678 9.593924e-02 -1.745284e-02 3.046031e-16
679 1.012859e-01 -1.985293e-02 3.236446e-16
680 1.068666e-01 -2.192768e-02 3.430104e-16
681 1.122283e-01 -2.429023e-02 3.620527e-16
682 1.175191e-01 -2.746474e-02 3.818411e-16
683 1.233187e-01 -2.911344e-02 4.013660e-16
684 1.289250e-01 -3.138736e-02 4.210453e-16
685 1.342075e-01 -3.372501e-02 4.398183e-16
686 1.400067e-01 -3.691375e-02 4.611640e-16
687 1.465561e-01 -3.688038e-02 4.809710e-16
688 1.525661e-01 -3.633196e-02 4.985341e-16
689 1.581394e-01 -3.642854e-02 5.155373e-16
690 1.636455e-01 -3.634584e-02 5.321245e-16
691 1.692301e-01 -3.646256e-02 5.491854e-16
692 1.749413e-01 -3.659670e-02 5.666509e-16
693 1.810278e-01 -3.738573e-02 5.860281e-16
694 1.794361e-01 -4.658987e-02 5.920940e-16
695 1.797632e-01 -5.231647e-02 5.998603e-16
696 1.735184e-01 -5.048297e-02 5.787674e-16
697 1.581084e-01 -4.959552e-02 5.310208e-16
698 1.431353e-01 -4.885838e-02 4.847760e-16
699 1.337647e-01 -4.752401e-02 4.548017e-16
700 1.128078e-01 -4.583704e-02 3.893004e-16
701 9.549473e-02 -4.477315e-02 3.355783e-16
702 9.337479e-02 -4.076331e-02 3.244103e-16
703 8.743982e-02 -3.430558e-02 2.987856e-16
704 8.193058e-02 -3.284147e-02 2.803589e-16
705 6.655989e-02 -3.148056e-02 2.321712e-16
706 2.534703e-02 -3.105575e-02 1.067818e-16
707 1.440592e-02 -2.873759e-02 7.088454e-17
708 1.291463e-04 -3.456739e-02 3.451893e-17
709 4.181876e-03 -2.232344e-02 3.231428e-17
710 3.378114e-03 -1.169181e-02 1.730056e-17
711 5.120475e-02 -1.747464e-02 1.690706e-16
712 4.422085e-02 -1.391438e-02 1.436953e-16
713 3.928967e-02 -1.408057e-02 1.289490e-16
714 3.393426e-02 -1.573289e-02 1.146754e-16
715 3.081079e-02 -2.117559e-02 1.116495e-16
716 3.019953e-02 -2.688025e-02 1.165463e-16
717 3.351512e-02 -3.267200e-02 1.334456e-16
718 5.094375e-02 -3.286805e-02 1.864913e-16
719 5.407097e-02 -2.785973e-02 1.900424e-16
720 5.456781e-02 -2.226568e-02 1.849298e-16
721 4.005541e-03 -4.489968e-03 1.068148e-17
722 9.716922e-03 -3.547390e-03 2.687345e-17
723 1.555928e-02 -3.750806e-03 4.481812e-17
724 2.134371e-02 -3.321282e-03 6.183846e-17
725 2.700448e-02 -3.273686e-03 7.893590e-17
726 3.272097e-02 -3.214911e-03 9.618897e-17
727 3.822475e-02 -3.343275e-03 1.130189e-16
728 4.403175e-02 -3.239912e-03 1.304935e-16
729 4.968123e-02 -3.306429e-03 1.476917e-16
730 5.546537e-02 -3.525041e-03 1.654779e-16
731 6.099444e-02 -3.616024e-03 1.823403e-16
732 6.637354e-02 -4.797230e-03 2.000379e-16
733 7.170315e-02 -6.870849e-03 2.186414e-16
734 7.692097e-02 -9.209173e-03 2.372194e-16
735 8.255757e-02 -1.126522e-02 2.567323e-16
736 8.771857e-02 -1.401422e-02 2.756239e-16
737 9.318378e-02 -1.601153e-02 2.945481e-16
738 9.860107e-02 -1.875830e-02 3.142137e-16
739 1.042512e-01 -2.096621e-02 3.339474e-16
740 1.097125e-01 -2.319245e-02 3.531305e-16
741 1.149012e-01 -2.584900e-02 3.719966e-16
742 1.204131e-01 -2.860203e-02 3.919562e-16
743 1.256344e-01 -3.151518e-02 4.112250e-16
744 1.313275e-01 -3.262106e-02 4.297851e-16
745 1.370319e-01 -3.539316e-02 4.503504e-16
746 1.433844e-01 -3.720274e-02 4.717412e-16
747 1.496294e-01 -3.639904e-02 4.897145e-16
748 1.554940e-01 -3.657827e-02 5.076979e-16
749 1.609278e-01 -3.639137e-02 5.239430e-16
750 1.664134e-01 -3.629321e-02 5.404498e-16
751 1.718554e-01 -3.672802e-02 5.574549e-16
752 1.779110e-01 -3.684660e-02 5.759455e-16
753 1.005133e-01 -4.785848e-02 3.544363e-16
754 7.531268e-02 -3.203495e-02 2.593505e-16
755 5.780743e-02 -3.247747e-02 2.068281e-16
756 4.999044e-03 -3.144830e-02 4.558599e-17
757 4.878677e-02 -1.408066e-02 1.577280e-16
758 9.235150e-02 -3.613475e-02 3.158334e-16
759 2.011245e-02 -6.100835e-03 6.139581e-17
760 7.201942e-03 -7.206206e-03 2.358102e-17
761 7.207491e-02 -2.443524e-02 2.405481e-16
762 2.599916e-02 -7.122032e-03 8.044241e-17
763 1.736404e-02 -7.385803e-03 5.458758e-17
764 3.115231e-02 -6.044287e-03 9.478286e-17
765 3.662726e-02 -6.300631e-03 1.116768e-16
766 4.234550e-02 -6.064663e-03 1.287256e-16
767 4.820545e-02 -6.578704e-03 1.470910e-16
768 5.385093e-02 -7.584887e-03 1.653889e-16
769 5.943392e-02 -7.027476e-03 1.816475e-16
770 6.428990e-02 -6.901836e-03 1.962138e-16
771 6.918431e-02 -1.000933e-02 2.147217e-16
772 7.412191e-02 -1.201652e-02 2.320587e-16
773 7.995049e-02 -1.358249e-02 2.515737e-16
774 8.457177e-02 -1.697508e-02 2.695912e-16
775 9.078697e-02 -1.816361e-02 2.898311e-16
776 9.519285e-02 -2.143543e-02 3.070531e-16
777 1.014546e-01 -2.381155e-02 3.288392e-16
778 1.072704e-01 -2.526786e-02 3.481855e-16
779 1.124513e-01 -2.788182e-02 3.669778e-16
780 1.176584e-01 -3.221996e-02 3.878892e-16
781 1.246666e-01 -3.726538e-02 4.150951e-16
782 1.282023e-01 -3.497913e-02 4.231044e-16
783 1.339182e-01 -3.741905e-02 4.433120e-16
784 1.405403e-01 -4.241640e-02 4.692909e-16
785 1.483537e-01 -4.050005e-02 4.907007e-16
786 1.540269e-01 -3.965321e-02 5.068903e-16
787 1.595789e-01 -3.913598e-02 5.231024e-16
788 1.650788e-01 -3.914478e-02 5.397790e-16
789 1.705321e-01 -4.092730e-02 5.584132e-16
790 1.762457e-01 -3.997613e-02 5.746015e-16
791 2.302903e-02 -6.817183e-03 7.108138e-17
792 1.176631e-02 -1.884601e-02 5.118321e-17
793 4.187728e-02 -9.937066e-03 1.318881e-16
794 5.569526e-02 -1.743871e-02 1.826356e-16
795 1.794024e-01 -4.142277e-02 5.858790e-16
796 8.543081e-02 -2.829911e-02 2.855916e-16
797 1.407046e-02 -8.070950e-03 4.541767e-17
798 2.864981e-02 -6.110382e-03 8.727777e-17
799 3.636145e-02 -1.045874e-02 1.157907e-16
800 2.677247e-02 -1.643292e-02 9.380131e-17
801 2.290362e-02 -2.277453e-02 8.958022e-17
802 6.156605e-02 -2.565357e-02 2.101446e-16
803 1.081971e-02 -6.891405e-03 3.417146e-17
804 1.743293e-01 -4.409634e-02 5.736691e-16
805 3.385509e-02 -6.911359e-03 1.039989e-16
806 3.951955e-02 -6.758745e-03 1.209833e-16
807 4.513460e-02 -6.704549e-03 1.379344e-16
808 5.100038e-02 -6.261557e-03 1.551853e-16
809 5.672017e-02 -6.418751e-03 1.727038e-16
810 6.203342e-02 -6.489541e-03 1.888883e-16
811 6.633944e-02 -8.940523e-03 2.048365e-16
812 7.202976e-02 -1.011123e-02 2.234648e-16
813 7.692609e-02 -1.362825e-02 2.424630e-16
814 8.254991e-02 -1.463305e-02 2.606935e-16
815 8.768802e-02 -1.819462e-02 2.804771e-16
816 9.326405e-02 -1.917333e-02 2.985320e-16
817 9.829584e-02 -2.275229e-02 3.180140e-16
818 1.044861e-01 -2.476735e-02 3.391563e-16
819 1.095422e-01 -2.693075e-02 3.570372e-16
820 1.145504e-01 -3.018784e-02 3.760668e-16
821 1.216792e-01 -3.293521e-02 4.009196e-16
822 1.312657e-01 -3.578924e-02 4.333459e-16
823 1.361238e-01 -4.060524e-02 4.537651e-16
824 1.449603e-01 -4.215779e-02 4.823788e-16
825 1.511801e-01 -3.896502e-02 4.974494e-16
826 1.568968e-01 -3.998976e-02 5.159849e-16
827 1.621855e-01 -3.946913e-02 5.313954e-16
828 1.677081e-01 -3.890088e-02 5.474581e-16
829 1.733813e-01 -3.977698e-02 5.656861e-16
830 9.832255e-02 -3.914739e-02 3.374916e-16
831 6.122594e-02 -1.827489e-02 2.003844e-16
832 1.240152e-01 -4.486305e-02 4.221097e-16
833 7.963306e-02 -2.648174e-02 2.658726e-16
834 1.189038e-01 -3.820232e-02 3.987406e-16
835 1.297214e-01 -4.030999e-02 4.340145e-16
836 5.354295e-02 -1.305397e-02 1.709260e-16
837 9.062171e-02 -3.034313e-02 3.037397e-16
838 1.060586e-01 -3.791213e-02 3.594728e-16
839 1.103078e-01 -3.172143e-02 3.650248e-16
840 1.668495e-01 -4.712005e-02 5.545803e-16
841 3.015731e-02 -1.038917e-02 9.690809e-17
842 7.920535e-02 -1.881359e-02 2.555045e-16
843 4.640114e-02 -1.029012e-02 1.460144e-16
844 8.429534e-02 -2.209315e-02 2.748086e-16
845 7.040960e-02 -1.387858e-02 2.230123e-16
846 1.024204e-01 -2.781763e-02 3.365053e-16
847 9.851378e-02 -2.767481e-02 3.244981e-16
848 1.517871e-01 -4.227945e-02 5.032101e-16
849 1.599570e-01 -4.367031e-02 5.296128e-16
850 5.716788e-02 -1.002187e-02 1.783233e-16
851 1.061037e-02 -1.176156e-02 3.929889e-17
852 2.449649e-02 -1.132887e-02 8.086592e-17
853 5.045553e-02 -9.836802e-03 1.577640e-16
854 1.553328e-01 -4.406926e-02 5.160719e-16
855 1.059451e-01 -2.953809e-02 3.492217e-16
856 9.439134e-02 -2.620600e-02 3.102682e-16
857 7.357889e-02 -1.735841e-02 2.367331e-16
858 1.790479e-02 -1.386010e-02 6.388582e-17
859 1.638160e-01 -4.247047e-02 5.398872e-16
860 2.053521e-02 -9.523848e-03 6.672661e-17
861 9.576588e-02 -3.242211e-02 3.217877e-16
862 1.134679e-01 -3.588009e-02 3.795210e-16
863 5.815074e-02 -1.391782e-02 1.859109e-16
864 1.669348e-01 -4.185438e-02 5.486092e-16
865 6.616338e-02 -1.365475e-02 2.098802e-16
866 6.200501e-02 -1.072696e-02 1.938154e-16
867 9.006881e-02 -2.308047e-02 2.934720e-16
868 6.793047e-02 -1.913986e-02 2.217244e-16
869 1.013179e-01 -3.301843e-02 3.393173e-16
870 1.499661e-01 -4.692909e-02 5.031928e-16
1 102 1 3 
2 102 3 4 
3 102 4 5 
4 102 5 6 
5 102 6 7 
6 102 7 8 
7 102 8 9 
8 102 9 10 
9 102 10 11 
10 102 11 12 
11 102 12 2 
12 102 2 14 
13 102 14 15 
14 102 15 16 
15 102 16 17 
16 102 17 18 
17 102 18 19 
18 102 19 13 
19 102 13 21 
20 102 21 22 
21 102 22 23 
22 102 23 24 
23 102 24 25 
24 102 25 26 
25 102 26 27 
26 102 27 28 
27 102 28 29 
28 102 29 30 
29 102 30 31 
30 102 31 32 
31 102 32 33 
32 102 33 34 
33 102 34 35 
34 102 35 36 
35 102 36 37 
36 102 37 38 
37 102 38 39 
38 102 39 40 
39 102 40 20 
40 102 20 42 
41 102 42 43 
42 102 43 44 
43 102 44 45 
44 102 45 46 
45 102 46 47 
46 102 47 41 
47 102 41 49 
48 102 49 50 
49 102 50 51 
50 102 51 52 
51 102 52 53 
52 102 53 54 
53 102 54 55 
54 102 55 56 
55 102 56 57 
56 102 57 58 
57 102 58 59 
58 102 59 60 
59 102 60 61 
60 102 61 62 
61 102 62 63 
62 102 63 64 
63 102 64 65 
64 102 65 66 
65 102 66 48 
66 102 79 48 
67 102 78 80 
68 102 80 81 
69 102 81 82 
70 102 82 79 
71 102 77 78 
72 102 83 77 
73 102 84 83 
74 102 85 84 
75 102 86 85 
76 102 87 86 
77 102 88 87 
78 102 89 88 
79 102 90 89 
80 102 76 90 
81 102 75 76 
82 102 74 75 
83 102 73 91 
84 102 91 74 
85 102 92 73 
86 102 72 92 
87 102 71 93 
88 102 93 94 
89 102 94 95 
90 102 95 96 
91 102 96 97 
92 102 97 98 
93 102 98 72 
94 102 70 71 
95 102 69 99 
96 102 99 100 
97 102 100 70 
98 102 1 69 
99 102 68 101 
100 102 101 102 
101 102 102 103 
102 102 103 104 
103 102 104 105 
104 102 105 67 
105 102 67 106 
106 102 106 107 
107 102 107 108 
108 102 108 109 
109 102 109 110 
110 102 110 68 
111 203 114 111 112 
112 203 116 113 114 
113 203 118 115 116 
114 203 120 117 118 
115 203 121 48 66 
116 203 122 66 65 
117 203 123 65 64 
118 203 124 64 63 
119 203 125 63 62 
120 203 126 62 61 
121 203 127 61 60 
122 203 128 60 59 
123 203 129 59 58 
124 203 130 58 57 
125 203 131 57 56 
126 203 132 56 55 
127 203 133 55 54 
128 203 134 54 53 
129 203 135 53 52 
130 203 136 52 51 
131 203 137 51 50 
132 203 138 50 49 
133 203 139 49 41 
134 203 140 112 121 
135 203 141 121 122 
136 203 142 122 123 
137 203 143 123 124 
138 203 144 124 125 
139 203 145 125 126 
140 203 146 126 127 
141 203 147 127 128 
142 203 148 128 129 
143 203 149 129 130 
144 203 150 130 131 
145 203 151 131 132 
146 203 152 132 133 
147 203 153 133 134 
148 203 154 134 135 
149 203 155 135 136 
150 203 156 136 137 
151 203 157 137 138 
152 203 158 138 139 
153 203 159 114 140 
154 203 160 140 141 
155 203 161 141 142 
156 203 162 142 143 
157 203 163 143 144 
158 203 164 144 145 
159 203 165 145 146 
160 203 166 146 147 
161 203 167 147 148 
162 203 168 148 149 
163 203 169 149 150 
164 203 170 150 151 
165 203 171 151 152 
166 203 172 152 153 
167 203 173 153 154 
168 203 174 154 155 
169 203 175 155 156 
170 203 176 156 157 
171 203 177 157 158 
172 203 178 116 159 
173 203 179 159 160 
174 203 180 160 161 
175 203 181 161 162 
176 203 182 162 163 
177 203 183 163 164 
178 203 184 164 165 
179 203 185 165 166 
180 203 186 166 167 
181 203 187 167 168 
182 203 188 168 169 
183 203 189 169 170 
184 203 190 170 171 
185 203 191 171 172 
186 203 192 172 173 
187 203 193 173 174 
188 203 194 174 175 
189 203 195 175 176 
190 203 196 176 177 
191 203 197 118 178 
192 203 198 178 179 
193 203 199 179 180 
194 203 200 180 181 
195 203 201 181 182 
196 203 202 182 183 
197 203 203 183 184 
198 203 204 184 185 
199 203 205 185 186 
200 203 206 186 187 
201 203 207 187 188 
202 203 208 188 189 
203 203 209 189 190 
204 203 210 190 191 
205 203 211 191 192 
206 203 212 192 193 
207 203 213 193 194 
208 203 214 194 195 
209 203 215 195 196 
210 203 216 41 47 
211 203 217 47 46 
212 203 218 46 45 
213 203 219 45 44 
214 203 220 44 43 
215 203 221 43 42 
216 203 222 42 20 
217 203 223 139 216 
218 203 224 216 217 
219 203 225 217 218 
220 203 226 218 219 
221 203 227 219 220 
222 203 228 220 221 
223 203 229 221 222 
224 203 230 158 223 
225 203 231 223 224 
226 203 232 224 225 
227 203 233 225 226 
228 203 234 226 227 
229 203 235 227 228 
230 203 236 228 229 
231 203 237 177 230 
232 203 238 230 231 
233 203 239 231 232 
234 203 240 232 233 
235 203 241 233 234 
236 203 242 234 235 
237 203 243 235 236 
238 203 244 196 237 
239 203 245 237 238 
240 203 246 238 239 
241 203 247 239 240 
242 203 248 240 241 
243 203 249 241 242 
244 203 250 242 243 
245 203 251 20 40 
246 203 252 40 39 
247 203 253 39 38 
248 203 254 38 37 
249 203 255 37 36 
250 203 256 36 35 
251 203 257 35 34 
252 203 258 34 33 
253 203 259 33 32 
254 203 260 32 31 
255 203 261 31 30 
256 203 262 30 29 
257 203 263 29 28 
258 203 264 28 27 
259 203 265 27 26 
260 203 266 26 25 
261 203 267 25 24 
262 203 268 24 23 
263 203 269 23 22 
264 203 270 22 21 
265 203 271 21 13 
266 203 272 222 251 
267 203 273 251 252 
268 203 274 252 253 
269 203 275 253 254 
270 203 276 254 255 
271 203 277 255 256 
272 203 278 256 257 
273 203 279 257 258 
274 203 280 258 259 
275 203 281 259 260 
276 203 282 260 261 
277 203 283 261 262 
278 203 284 262 263 
279 203 285 263 264 
280 203 286 264 265 
281 203 287 265 266 
282 203 288 266 267 
283 203 289 267 268 
284 203 290 268 269 
285 203 291 269 270 
286 203 292 270 271 
287 203 293 229 272 
288 203 294 272 273 
289 203 295 273 274 
290 203 296 274 275 
291 203 297 275 276 
292 203 298 276 277 
293 203 299 277 278 
294 203 300 278 279 
295 203 301 279 280 
296 203 302 280 281 
297 203 303 281 282 
298 203 304 282 283 
299 203 305 283 284 
300 203 306 284 285 
301 203 307 285 286 
302 203 308 286 287 
303 203 309 287 288 
304 203 310 288 289 
305 203 311 289 290 
306 203 312 290 291 
307 203 313 291 292 
308 203 314 236 293 
309 203 315 293 294 
310 203 316 294 295 
311 203 317 295 296 
312 203 318 296 297 
313 203 319 297 298 
314 203 320 298 299 
315 203 321 299 300 
316 203 322 300 301 
317 203 323 301 302 
318 203 324 302 303 
319 203 325 303 304 
320 203 326 304 305 
321 203 327 305 306 
322 203 328 306 307 
323 203 329 307 308 
324 203 330 308 309 
325 203 331 309 310 
326 203 332 310 311 
327 203 333 311 312 
328 203 334 312 313 
329 203 335 243 314 
330 203 336 314 315 
331 203 337 315 316 
332 203 338 316 317 
333 203 339 317 318 
334 203 340 318 319 
335 203 341 319 320 
336 203 342 320 321 
337 203 343 321 322 
338 203 344 322 323 
339 203 345 323 324 
340 203 346 324 325 
341 203 347 325 326 
342 203 348 326 327 
343 203 349 327 328 
344 203 350 328 329 
345 203 351 329 330 
346 203 352 330 331 
347 203 353 331 332 
348 203 354 332 333 
349 203 355 333 334 
350 203 356 13 19 
351 203 357 19 18 
352 203 358 18 17 
353 203 359 17 16 
354 203 360 16 15 
355 203 361 15 14 
356 203 362 14 2 
357 203 363 271 356 
358 203 364 356 357 
359 203 365 357 358 
360 203 366 358 359 
361 203 367 359 360 
362 203 368 360 361 
363 203 369 361 362 
364 203 370 292 363 
365 203 371 363 364 
366 203 372 364 365 
367 203 373 365 366 
368 203 374 366 367 
369 203 375 367 368 
370 203 376 368 369 
371 203 377 313 370 
372 203 378 370 371 
373 203 379 371 372 
374 203 380 372 373 
375 203 381 373 374 
376 203 382 374 375 
377 203 383 375 376 
378 203 384 334 377 
379 203 385 377 378 
380 203 386 378 379 
381 203 387 379 380 
382 203 388 380 381 
383 203 389 381 382 
384 203 390 382 383 
385 203 391 2 12 
386 203 392 12 11 
387 203 393 11 10 
388 203 394 10 9 
389 203 395 9 8 
390 203 396 8 7 
391 203 397 7 6 
392 203 398 6 5 
393 203 399 5 4 
394 203 400 4 3 
395 203 401 3 1 
396 203 402 362 391 
397 203 403 391 392 
398 203 404 392 393 
399 203 405 393 394 
400 203 406 394 395 
401 203 407 395 396 
402 203 408 396 397 
403 203 409 397 398 
404 203 410 398 399 
405 203 411 399 400 
406 203 412 400 401 
407 203 413 369 402 
408 203 414 402 403 
409 203 415 403 404 
410 203 416 404 405 
411 203 417 405 406 
412 203 418 406 407 
413 203 419 407 408 
414 203 420 408 409 
415 203 421 409 410 
416 203 422 410 411 
417 203 423 411 412 
418 203 424 376 413 
419 203 425 413 414 
420 203 426 414 415 
421 203 427 415 416 
422 203 428 416 417 
423 203 429 417 418 
424 203 430 418 419 
425 203 431 419 420 
426 203 432 420 421 
427 203 433 421 422 
428 203 434 422 423 
429 203 435 383 424 
430 203 436 424 425 
431 203 437 425 426 
432 203 438 426 427 
433 203 439 427 428 
434 203 440 428 429 
435 203 441 429 430 
436 203 442 430 431 
437 203 443 431 432 
438 203 444 432 433 
439 203 445 433 434 
440 203 446 1 69 
441 203 447 401 446 
442 203 448 412 447 
443 203 449 423 448 
444 203 450 434 449 
445 203 451 69 99 
446 203 452 99 100 
447 203 453 100 70 
448 203 454 446 451 
449 203 455 451 452 
450 203 456 452 453 
451 203 457 447 454 
452 203 458 454 455 
453 203 459 455 456 
454 203 460 448 457 
455 203 461 457 458 
456 203 462 458 459 
457 203 463 449 460 
458 203 464 460 461 
459 203 465 461 462 
460 203 466 70 71 
461 203 467 453 466 
462 203 468 456 467 
463 203 469 459 468 
464 203 470 462 469 
465 203 471 71 93 
466 203 472 93 94 
467 203 473 94 95 
468 203 474 95 96 
469 203 475 96 97 
470 203 476 97 98 
471 203 477 98 72 
472 203 478 466 471 
473 203 479 471 472 
474 203 480 472 473 
475 203 481 473 474 
476 203 482 474 475 
477 203 483 475 476 
478 203 484 476 477 
479 203 485 467 478 
480 203 486 478 479 
481 203 487 479 480 
482 203 488 480 481 
483 203 489 481 482 
484 203 490 482 483 
485 203 491 483 484 
486 203 492 468 485 
487 203 493 485 486 
488 203 494 486 487 
489 203 495 487 488 
490 203 496 488 489 
491 203 497 489 490 
492 203 498 490 491 
493 203 499 469 492 
494 203 500 492 493 
495 203 501 493 494 
496 203 502 494 495 
497 203 503 495 496 
498 203 504 496 497 
499 203 505 497 498 
500 203 506 72 92 
501 203 507 92 73 
502 203 508 477 506 
503 203 509 506 507 
504 203 510 484 508 
505 203 511 508 509 
506 203 512 491 510 
507 203 513 510 511 
508 203 514 498 512 
509 203 515 512 513 
510 203 516 73 91 
511 203 517 91 74 
512 203 518 507 516 
513 203 519 516 517 
514 203 520 509 518 
515 203 521 518 519 
516 203 522 511 520 
517 203 523 520 521 
518 203 524 513 522 
519 203 525 522 523 
520 203 526 74 75 
521 203 527 517 526 
522 203 528 519 527 
523 203 529 521 528 
524 203 530 523 529 
525 203 531 75 76 
526 203 532 526 531 
527 203 533 527 532 
528 203 534 528 533 
529 203 535 529 534 
530 203 536 76 90 
531 203 537 90 89 
532 203 538 89 88 
533 203 539 88 87 
534 203 540 87 86 
535 203 541 86 85 
536 203 542 85 84 
537 203 543 84 83 
538 203 544 83 77 
539 203 545 531 536 
540 203 546 536 537 
541 203 547 537 538 
542 203 548 538 539 
543 203 549 539 540 
544 203 550 540 541 
545 203 551 541 542 
546 203 552 542 543 
547 203 553 543 544 
548 203 554 532 545 
549 203 555 545 546 
550 203 556 546 547 
551 203 557 547 548 
552 203 558 548 549 
553 203 559 549 550 
554 203 560 550 551 
555 203 561 551 552 
556 203 562 552 553 
557 203 563 533 554 
558 203 564 554 555 
559 203 565 555 556 
560 203 566 556 557 
561 203 567 557 558 
562 203 568 558 559 
563 203 569 559 560 
564 203 570 560 561 
565 203 571 561 562 
566 203 572 534 563 
567 203 573 563 564 
568 203 574 564 565 
569 203 575 565 566 
570 203 576 566 567 
571 203 577 567 568 
572 203 578 568 569 
573 203 579 569 570 
574 203 580 570 571 
575 203 581 77 78 
576 203 582 544 581 
577 203 583 553 582 
578 203 584 562 583 
579 203 585 571 584 
580 203 586 78 80 
581 203 587 80 81 
582 203 588 81 82 
583 203 111 82 79 
584 203 589 581 586 
585 203 590 586 587 
586 203 591 587 588 
587 203 113 588 111 
588 203 592 582 589 
589 203 593 589 590 
590 203 594 590 591 
591 203 115 591 113 
592 203 595 583 592 
593 203 596 592 593 
594 203 597 593 594 
595 203 117 594 115 
596 203 598 584 595 
597 203 599 595 596 
598 203 600 596 597 
599 203 119 597 117 
600 203 602 68 101 
601 203 603 101 102 
602 203 604 102 103 
603 203 605 103 104 
604 203 606 104 105 
605 203 607 105 67 
606 203 609 601 602 
607 203 610 602 603 
608 203 611 603 604 
609 203 612 604 605 
610 203 613 605 606 
611 203 614 606 607 
612 203 616 608 609 
613 203 617 609 610 
614 203 618 610 611 
615 203 619 611 612 
616 203 620 612 613 
617 203 621 613 614 
618 203 623 615 616 
619 203 624 616 617 
620 203 625 617 618 
621 203 626 618 619 
622 203 627 619 620 
623 203 628 620 621 
624 203 630 622 623 
625 203 631 623 624 
626 203 632 624 625 
627 203 633 625 626 
628 203 634 626 627 
629 203 635 627 628 
630 203 636 67 106 
631 203 637 106 107 
632 203 638 107 108 
633 203 639 108 109 
634 203 640 109 110 
635 203 601 110 68 
636 203 641 607 636 
637 203 642 636 637 
638 203 643 637 638 
639 203 644 638 639 
640 203 645 639 640 
641 203 608 640 601 
642 203 646 614 641 
643 203 647 641 642 
644 203 648 642 643 
645 203 649 643 644 
646 203 650 644 645 
647 203 615 645 608 
648 203 651 621 646 
649 203 652 646 647 
650 203 653 647 648 
651 203 654 648 649 
652 203 655 649 650 
653 203 622 650 615 
654 203 656 628 651 
655 203 657 651 652 
656 203 658 652 653 
657 203 659 653 654 
658 203 660 654 655 
659 203 629 655 622 
660 203 119 120 661 
661 203 120 197 661 
662 203 198 199 662 
663 203 200 201 663 
664 203 202 203 664 
665 203 204 205 665 
666 203 206 207 666 
667 203 208 209 667 
668 203 210 211 668 
669 203 212 213 669 
670 203 214 215 670 
671 203 244 245 671 
672 203 246 247 672 
673 203 248 249 673 
674 203 250 335 674 
675 203 336 337 675 
676 203 338 339 676 
677 203 340 341 677 
678 203 342 343 678 
679 203 344 345 679 
680 203 346 347 680 
681 203 348 349 681 
682 203 350 351 682 
683 203 352 353 683 
684 203 354 355 684 
685 203 384 385 685 
686 203 386 387 686 
687 203 388 389 687 
688 203 390 435 688 
689 203 436 437 689 
690 203 438 439 690 
691 203 440 441 691 
692 203 442 443 692 
693 203 444 445 693 
694 203 445 450 693 
695 203 450 463 693 
696 203 463 464 694 
697 203 464 465 695 
698 203 694 464 695 
699 203 465 470 695 
700 203 470 499 695 
701 203 499 500 696 
702 203 500 501 697 
703 203 501 502 698 
704 203 502 503 699 
705 203 503 504 700 
706 203 514 515 701 
707 203 515 524 702 
708 203 524 525 703 
709 203 525 530 704 
710 203 535 572 705 
711 203 574 575 657 
712 203 576 577 706 
713 203 577 578 707 
714 203 579 580 708 
715 203 580 585 708 
716 203 598 599 709 
717 203 599 600 710 
718 203 600 119 661 
719 203 629 630 711 
720 203 630 631 712 
721 203 631 632 713 
722 203 632 633 714 
723 203 633 634 715 
724 203 634 635 716 
725 203 635 656 717 
726 203 656 657 575 
727 203 657 658 574 
728 203 658 659 718 
729 203 659 660 719 
730 203 660 629 720 
731 203 574 658 718 
732 203 661 197 721 
733 203 197 198 721 
734 203 662 199 722 
735 203 199 200 722 
736 203 200 663 722 
737 203 201 202 723 
738 203 203 204 724 
739 203 205 206 725 
740 203 207 208 726 
741 203 209 210 727 
742 203 211 212 728 
743 203 213 214 729 
744 203 215 244 730 
745 203 245 246 731 
746 203 247 248 732 
747 203 249 250 733 
748 203 335 336 734 
749 203 337 338 735 
750 203 339 340 736 
751 203 341 342 737 
752 203 343 344 738 
753 203 345 346 739 
754 203 347 348 740 
755 203 349 350 741 
756 203 351 352 742 
757 203 353 354 743 
758 203 355 384 744 
759 203 385 386 745 
760 203 387 388 746 
761 203 389 390 747 
762 203 435 436 748 
763 203 437 438 749 
764 203 439 440 750 
765 203 441 442 751 
766 203 443 444 752 
767 203 499 696 695 
768 203 698 870 501 
769 203 698 502 699 
770 203 697 840 500 
771 203 504 505 753 
772 203 515 702 701 
773 203 525 704 703 
774 203 530 535 754 
775 203 572 573 755 
776 203 573 574 718 
777 203 716 717 706 
778 203 577 707 706 
779 203 578 579 756 
780 203 709 599 710 
781 203 600 661 710 
782 203 711 630 757 
783 203 630 712 757 
784 203 631 713 712 
785 203 632 714 713 
786 203 633 715 714 
787 203 634 716 715 
788 203 635 717 716 
789 203 719 660 720 
790 203 718 659 719 
791 203 629 711 720 
792 203 198 662 721 
793 203 663 201 723 
794 203 664 203 724 
795 203 665 205 725 
796 203 666 207 726 
797 203 667 209 727 
798 203 668 211 728 
799 203 669 213 729 
800 203 670 215 730 
801 203 671 245 731 
802 203 672 247 732 
803 203 673 249 733 
804 203 674 335 734 
805 203 675 337 735 
806 203 676 339 736 
807 203 677 341 737 
808 203 678 343 738 
809 203 679 345 739 
810 203 680 347 740 
811 203 681 349 741 
812 203 682 351 742 
813 203 683 353 743 
814 203 684 355 744 
815 203 685 385 745 
816 203 686 387 746 
817 203 687 389 747 
818 203 688 435 748 
819 203 689 437 749 
820 203 690 439 750 
821 203 691 441 751 
822 203 692 443 752 
823 203 702 524 758 
824 203 524 703 758 
825 203 530 754 704 
826 203 705 572 755 
827 203 578 756 707 
828 203 725 206 666 
829 203 726 208 667 
830 203 727 210 668 
831 203 728 212 669 
832 203 729 214 670 
833 203 730 244 671 
834 203 731 246 672 
835 203 732 248 673 
836 203 733 250 674 
837 203 734 336 675 
838 203 735 338 676 
839 203 736 340 677 
840 203 737 342 678 
841 203 738 344 679 
842 203 739 346 680 
843 203 740 348 681 
844 203 741 350 682 
845 203 742 352 683 
846 203 743 354 684 
847 203 744 384 685 
848 203 745 386 686 
849 203 746 388 687 
850 203 747 390 688 
851 203 748 436 689 
852 203 749 438 690 
853 203 750 440 691 
854 203 751 442 692 
855 203 752 444 693 
856 203 724 204 665 
857 203 723 202 664 
858 203 754 535 705 
859 203 664 724 759 
860 203 662 722 760 
861 203 754 705 761 
862 203 665 725 762 
863 203 723 664 763 
864 203 664 759 763 
865 203 666 726 764 
866 203 667 727 765 
867 203 668 728 766 
868 203 669 729 767 
869 203 670 730 768 
870 203 671 731 769 
871 203 672 732 770 
872 203 673 733 771 
873 203 674 734 772 
874 203 675 735 773 
875 203 676 736 774 
876 203 677 737 775 
877 203 678 738 776 
878 203 679 739 777 
879 203 680 740 778 
880 203 681 741 779 
881 203 682 742 780 
882 203 781 821 743 
883 203 684 744 782 
884 203 685 745 783 
885 203 686 746 784 
886 203 687 747 785 
887 203 688 748 786 
888 203 689 749 787 
889 203 690 750 788 
890 203 691 751 789 
891 203 692 752 790 
892 203 724 665 791 
893 203 665 762 791 
894 203 695 696 694 
895 203 504 753 700 
896 203 698 699 784 
897 203 701 702 830 
898 203 505 514 753 
899 203 755 573 718 
900 203 575 576 717 
901 203 709 710 792 
902 203 756 598 709 
903 203 712 713 793 
904 203 656 575 717 
905 203 720 711 794 
906 203 718 719 755 
907 203 693 463 795 
908 203 703 704 796 
909 203 663 723 797 
910 203 723 763 797 
911 203 725 666 798 
912 203 666 764 798 
913 203 708 585 598 
914 203 713 714 799 
915 203 714 715 800 
916 203 715 716 801 
917 203 716 706 801 
918 203 721 662 760 
919 203 795 463 694 
920 203 756 709 707 
921 203 707 709 792 
922 203 755 719 802 
923 203 719 720 802 
924 203 760 722 803 
925 203 722 663 803 
926 203 694 696 804 
927 203 725 798 762 
928 203 764 726 805 
929 203 726 667 805 
930 203 667 765 805 
931 203 727 668 806 
932 203 668 766 806 
933 203 728 669 807 
934 203 729 670 808 
935 203 730 671 809 
936 203 731 672 810 
937 203 769 731 810 
938 203 672 770 810 
939 203 732 673 811 
940 203 770 732 811 
941 203 673 771 811 
942 203 733 674 812 
943 203 734 675 813 
944 203 675 773 813 
945 203 735 676 814 
946 203 736 677 815 
947 203 737 678 816 
948 203 775 737 816 
949 203 678 776 816 
950 203 738 679 817 
951 203 739 680 818 
952 203 740 681 819 
953 203 741 682 820 
954 203 682 780 820 
955 203 742 683 821 
956 203 683 743 821 
957 203 743 684 782 
958 203 859 840 849 
959 203 744 685 822 
960 203 782 744 822 
961 203 685 783 822 
962 203 745 686 823 
963 203 746 687 824 
964 203 747 688 825 
965 203 748 689 826 
966 203 749 690 827 
967 203 750 691 828 
968 203 751 692 829 
969 203 789 751 829 
970 203 692 790 829 
971 203 724 791 759 
972 203 752 693 795 
973 203 809 671 769 
974 203 830 869 838 
975 203 702 758 830 
976 203 802 720 831 
977 203 720 794 831 
978 203 503 700 832 
979 203 576 706 717 
980 203 704 754 833 
981 203 503 832 699 
982 203 727 806 765 
983 203 808 670 768 
984 203 728 807 766 
985 203 807 669 767 
986 203 729 808 767 
987 203 730 809 768 
988 203 815 677 775 
989 203 733 812 771 
990 203 734 813 772 
991 203 735 814 773 
992 203 814 676 774 
993 203 736 815 774 
994 203 738 817 776 
995 203 818 680 778 
996 203 739 818 777 
997 203 740 819 778 
998 203 741 820 779 
999 203 742 821 780 
1000 203 743 782 781 
1001 203 745 823 783 
1002 203 824 687 785 
1003 203 746 824 784 
1004 203 747 825 785 
1005 203 748 826 786 
1006 203 749 827 787 
1007 203 750 828 788 
1008 203 832 700 834 
1009 203 699 832 835 
1010 203 752 795 790 
1011 203 794 711 836 
1012 203 711 757 836 
1013 203 755 802 705 
1014 203 756 579 708 
1015 203 854 870 848 
1016 203 796 704 833 
1017 203 803 663 797 
1018 203 833 754 761 
1019 203 828 691 789 
1020 203 827 690 788 
1021 203 826 689 787 
1022 203 825 688 786 
1023 203 758 703 837 
1024 203 703 796 837 
1025 203 800 841 714 
1026 203 834 781 832 
1027 203 838 862 700 
1028 203 756 708 598 
1029 203 793 713 799 
1030 203 705 802 761 
1031 203 819 681 779 
1032 203 817 679 777 
1033 203 812 674 772 
1034 203 795 694 804 
1035 203 819 779 839 
1036 203 804 696 840 
1037 203 762 798 841 
1038 203 806 766 793 
1039 203 766 807 793 
1040 203 813 773 842 
1041 203 793 807 843 
1042 203 712 793 843 
1043 203 807 767 843 
1044 203 712 843 757 
1045 203 795 804 790 
1046 203 774 815 844 
1047 203 771 812 845 
1048 203 777 818 846 
1049 203 817 777 847 
1050 203 777 846 847 
1051 203 686 784 823 
1052 203 825 786 848 
1053 203 838 700 753 
1054 203 826 787 849 
1055 203 809 769 850 
1056 203 696 500 840 
1057 203 514 701 753 
1058 203 792 710 851 
1059 203 707 792 801 
1060 203 706 707 801 
1061 203 789 840 864 
1062 203 799 714 841 
1063 203 833 761 842 
1064 203 800 715 801 
1065 203 791 762 852 
1066 203 762 841 852 
1067 203 796 833 844 
1068 203 843 767 853 
1069 203 757 843 853 
1070 203 767 808 853 
1071 203 803 797 851 
1072 203 760 803 851 
1073 203 786 826 854 
1074 203 848 786 854 
1075 203 826 849 854 
1076 203 785 825 848 
1077 203 780 821 834 
1078 203 778 819 855 
1079 203 819 839 855 
1080 203 818 778 855 
1081 203 846 818 855 
1082 203 841 800 852 
1083 203 776 817 856 
1084 203 817 847 856 
1085 203 772 813 857 
1086 203 813 842 857 
1087 203 851 710 760 
1088 203 801 792 858 
1089 203 800 801 858 
1090 203 792 851 858 
1091 203 768 809 850 
1092 203 808 768 853 
1093 203 855 838 869 
1094 203 779 820 839 
1095 203 806 793 799 
1096 203 805 765 799 
1097 203 812 772 845 
1098 203 772 857 845 
1099 203 821 781 834 
1100 203 782 822 835 
1101 203 822 783 835 
1102 203 799 841 805 
1103 203 827 788 859 
1104 203 759 791 860 
1105 203 830 758 861 
1106 203 758 837 861 
1107 203 699 835 823 
1108 203 697 501 870 
1109 203 840 697 849 
1110 203 701 830 753 
1111 203 768 850 836 
1112 203 836 757 853 
1113 203 661 721 710 
1114 203 721 760 710 
1115 203 820 780 862 
1116 203 833 842 844 
1117 203 698 784 824 
1118 203 697 854 849 
1119 203 782 835 781 
1120 203 860 791 852 
1121 203 785 870 824 
1122 203 820 862 839 
1123 203 816 776 867 
1124 203 776 856 867 
1125 203 794 836 863 
1126 203 836 850 863 
1127 203 788 828 864 
1128 203 780 834 862 
1129 203 794 863 831 
1130 203 768 836 853 
1131 203 811 771 865 
1132 203 771 845 865 
1133 203 815 775 867 
1134 203 851 797 858 
1135 203 804 840 789 
1136 203 828 789 864 
1137 203 770 811 866 
1138 203 811 865 866 
1139 203 844 815 867 
1140 203 775 816 867 
1141 203 850 769 866 
1142 203 753 830 838 
1143 203 849 787 827 
1144 203 859 788 864 
1145 203 789 829 804 
1146 203 859 864 840 
1147 203 854 697 870 
1148 203 850 866 863 
1149 203 774 844 842 
1150 203 842 761 857 
1151 203 858 852 800 
1152 203 810 770 866 
1153 203 837 796 867 
1154 203 857 761 868 
1155 203 798 764 841 
1156 203 761 802 868 
1157 203 831 863 866 
1158 203 834 700 862 
1159 203 773 814 842 
1160 203 763 759 860 
1161 203 835 832 781 
1162 203 846 855 869 
1163 203 830 861 869 
1164 203 799 765 806 
1165 203 847 846 869 
1166 203 835 783 823 
1167 203 699 823 784 
1168 203 790 804 829 
1169 203 698 824 870 
1170 203 862 838 839 
1171 203 870 785 848 
1172 203 802 831 868 
1173 203 796 844 867 
1174 203 763 860 858 
1175 203 769 810 866 
1176 203 860 852 858 
1177 203 845 857 868 
1178 203 861 837 856 
1179 203 868 831 865 
1180 203 764 805 841 
1181 203 814 774 842 
1182 203 856 837 867 
1183 203 849 827 859 
1184 203 845 868 865 
1185 203 839 838 855 
1186 203 861 847 869 
1187 203 866 865 831 
1188 203 856 847 861 
1189 203 797 763 858 
1190 203 112 79 48 
1191 203 112 111 79 
1192 203 114 113 111 
1193 203 116 115 113 
1194 203 118 117 115 
1195 203 120 119 117 
1196 203 121 112 48 
1197 203 122 121 66 
1198 203 123 122 65 
1199 203 124 123 64 
1200 203 125 124 63 
1201 203 126 125 62 
1202 203 127 126 61 
1203 203 128 127 60 
1204 203 129 128 59 
1205 203 130 129 58 
1206 203 131 130 57 
1207 203 132 131 56 
1208 203 133 132 55 
1209 203 134 133 54 
1210 203 135 134 53 
1211 203 136 135 52 
1212 203 137 136 51 
1213 203 138 137 50 
1214 203 139 138 49 
1215 203 140 114 112 
1216 203 141 140 121 
1217 203 142 141 122 
1218 203 143 142 123 
1219 203 144 143 124 
1220 203 145 144 125 
1221 203 146 145 126 
1222 203 147 146 127 
1223 203 148 147 128 
1224 203 149 148 129 
1225 203 150 149 130 
1226 203 151 150 131 
1227 203 152 151 132 
1228 203 153 152 133 
1229 203 154 153 134 
1230 203 155 154 135 
1231 203 156 155 136 
1232 203 157 156 137 
1233 203 158 157 138 
1234 203 159 116 114 
1235 203 160 159 140 
1236 203 161 160 141 
1237 203 162 161 142 
1238 203 163 162 143 
1239 203 164 163 144 
1240 203 165 164 145 
1241 203 166 165 146 
1242 203 167 166 147 
1243 203 168 167 148 
1244 203 169 168 149 
1245 203 170 169 150 
1246 203 171 170 151 
1247 203 172 171 152 
1248 203 173 172 153 
1249 203 174 173 154 
1250 203 175 174 155 
1251 203 176 175 156 
1252 203 177 176 157 
1253 203 178 118 116 
1254 203 179 178 159 
1255 203 180 179 160 
1256 203 181 180 161 
1257 203 182 181 162 
1258 203 183 182 163 
1259 203 184 183 164 
1260 203 185 184 165 
1261 203 186 185 166 
1262 203 187 186 167 
1263 203 188 187 168 
1264 203 189 188 169 
1265 203 190 189 170 
1266 203 191 190 171 
1267 203 192 191 172 
1268 203 193 192 173 
1269 203 194 193 174 
1270 203 195 194 175 
1271 203 196 195 176 
1272 203 197 120 118 
1273 203 198 197 178 
1274 203 199 198 179 
1275 203 200 199 180 
1276 203 201 200 181 
1277 203 202 201 182 
1278 203 203 202 183 
1279 203 204 203 184 
1280 203 205 204 185 
1281 203 206 205 186 
1282 203 207 206 187 
1283 203 208 207 188 
1284 203 209 208 189 
1285 203 210 209 190 
1286 203 211 210 191 
1287 203 212 211 192 
1288 203 213 212 193 
1289 203 214 213 194 
1290 203 215 214 195 
1291 203 216 139 41 
1292 203 217 216 47 
1293 203 218 217 46 
1294 203 219 218 45 
1295 203 220 219 44 
1296 203 221 220 43 
1297 203 222 221 42 
1298 203 223 158 139 
1299 203 224 223 216 
1300 203 225 224 217 
1301 203 226 225 218 
1302 203 227 226 219 
1303 203 228 227 220 
1304 203 229 228 221 
1305 203 230 177 158 
1306 203 231 230 223 
1307 203 232 231 224 
1308 203 233 232 225 
1309 203 234 233 226 
1310 203 235 234 227 
1311 203 236 235 228 
1312 203 237 196 177 
1313 203 238 237 230 
1314 203 239 238 231 
1315 203 240 239 232 
1316 203 241 240 233 
1317 203 242 241 234 
1318 203 243 242 235 
1319 203 244 215 196 
1320 203 245 244 237 
1321 203 246 245 238 
1322 203 247 246 239 
1323 203 248 247 240 
1324 203 249 248 241 
1325 203 250 249 242 
1326 203 251 222 20 
1327 203 252 251 40 
1328 203 253 252 39 
1329 203 254 253 38 
1330 203 255 254 37 
1331 203 256 255 36 
1332 203 257 256 35 
1333 203 258 257 34 
1334 203 259 258 33 
1335 203 260 259 32 
1336 203 261 260 31 
1337 203 262 261 30 
1338 203 263 262 29 
1339 203 264 263 28 
1340 203 265 264 27 
1341 203 266 265 26 
1342 203 267 266 25 
1343 203 268 267 24 
1344 203 269 268 23 
1345 203 270 269 22 
1346 203 271 270 21 
1347 203 272 229 222 
1348 203 273 272 251 
1349 203 274 273 252 
1350 203 275 274 253 
1351 203 276 275 254 
1352 203 277 276 255 
1353 203 278 277 256 
1354 203 279 278 257 
1355 203 280 279 258 
1356 203 281 280 259 
1357 203 282 281 260 
1358 203 283 282 261 
1359 203 284 283 262 
1360 203 285 284 263 
1361 203 286 285 264 
1362 203 287 286 265 
1363 203 288 287 266 
1364 203 289 288 267 
1365 203 290 289 268 
1366 203 291 290 269 
1367 203 292 291 270 
1368 203 293 236 229 
1369 203 294 293 272 
1370 203 295 294 273 
1371 203 296 295 274 
1372 203 297 296 275 
1373 203 298 297 276 
1374 203 299 298 277 
1375 203 300 299 278 
1376 203 301 300 279 
1377 203 302 301 280 
1378 203 303 302 281 
1379 203 304 303 282 
1380 203 305 304 283 
1381 203 306 305 284 
1382 203 307 306 285 
1383 203 308 307 286 
1384 203 309 308 287 
1385 203 310 309 288 
1386 203 311 310 289 
1387 203 312 311 290 
1388 203 313 312 291 
1389 203 314 243 236 
1390 203 315 314 293 
1391 203 316 315 294 
1392 203 317 316 295 
1393 203 318 317 296 
1394 203 319 318 297 
1395 203 320 319 298 
1396 203 321 320 299 
1397 203 322 321 300 
1398 203 323 322 301 
1399 203 324 323 302 
1400 203 325 324 303 
1401 203 326 325 304 
1402 203 327 326 305 
1403 203 328 327 306 
1404 203 329 328 307 
1405 203 330 329 308 
1406 203 331 330 309 
1407 203 332 331 310 
1408 203 333 332 311 
1409 203 334 333 312 
1410 203 335 250 243 
1411 203 336 335 314 
1412 203 337 336 315 
1413 203 338 337 316 
1414 203 339 338 317 
1415 203 340 339 318 
1416 203 341 340 319 
1417 203 342 341 320 
1418 203 343 342 321 
1419 203 344 343 322 
1420 203 345 344 323 
1421 203 346 345 324 
1422 203 347 346 325 
1423 203 348 347 326 
1424 203 349 348 327 
1425 203 350 349 328 
1426 203 351 350 329 
1427 203 352 351 330 
1428 203 353 352 331 
1429 203 354 353 332 
1430 203 355 354 333 
1431 203 356 271 13 
1432 203 357 356 19 
1433 203 358 357 18 
1434 203 359 358 17 
1435 203 360 359 16 
1436 203 361 360 15 
1437 203 362 361 14 
1438 203 363 292 271 
1439 203 364 363 356 
1440 203 365 364 357 
1441 203 366 365 358 
1442 203 367 366 359 
1443 203 368 367 360 
1444 203 369 368 361 
1445 203 370 313 292 
1446 203 371 370 363 
1447 203 372 371 364 
1448 203 373 372 365 
1449 203 374 373 366 
1450 203 375 374 367 
1451 203 376 375 368 
1452 203 377 334 313 
1453 203 378 377 370 
1454 203 379 378 371 
1455 203 380 379 372 
1456 203 381 380 373 
1457 203 382 381 374 
1458 203 383 382 375 
1459 203 384 355 334 
1460 203 385 384 377 
1461 203 386 385 378 
1462 203 387 386 379 
1463 203 388 387 380 
1464 203 389 388 381 
1465 203 390 389 382 
1466 203 391 362 2 
1467 203 392 391 12 
1468 203 393 392 11 
1469 203 394 393 10 
1470 203 395 394 9 
1471 203 396 395 8 
1472 203 397 396 7 
1473 203 398 397 6 
1474 203 399 398 5 
1475 203 400 399 4 
1476 203 401 400 3 
1477 203 402 369 362 
1478 203 403 402 391 
1479 203 404 403 392 
1480 203 405 404 393 
1481 203 406 405 394 
1482 203 407 406 395 
1483 203 408 407 396 
1484 203 409 408 397 
1485 203 410 409 398 
1486 203 411 410 399 
1487 203 412 411 400 
1488 203 413 376 369 
1489 203 414 413 402 
1490 203 415 414 403 
1491 203 416 415 404 
1492 203 417 416 405 
1493 203 418 417 406 
1494 203 419 418 407 
1495 203 420 419 408 
1496 203 421 420 409 
1497 203 422 421 410 
1498 203 423 422 411 
1499 203 424 383 376 
1500 203 425 424 413 
1501 203 426 425 414 
1502 203 427 426 415 
1503 203 428 427 416 
1504 203 429 428 417 
1505 203 430 429 418 
1506 203 431 430 419 
1507 203 432 431 420 
1508 203 433 432 421 
1509 203 434 433 422 
1510 203 435 390 383 
1511 203 436 435 424 
1512 203 437 436 425 
1513 203 438 437 426 
1514 203 439 438 427 
1515 203 440 439 428 
1516 203 441 440 429 
1517 203 442 441 430 
1518 203 443 442 431 
1519 203 444 443 432 
1520 203 445 444 433 
1521 203 446 401 1 
1522 203 447 412 401 
1523 203 448 423 412 
1524 203 449 434 423 
1525 203 450 445 434 
1526 203 451 446 69 
1527 203 452 451 99 
1528 203 453 452 100 
1529 203 454 447 446 
1530 203 455 454 451 
1531 203 456 455 452 
1532 203 457 448 447 
1533 203 458 457 454 
1534 203 459 458 455 
1535 203 460 449 448 
1536 203 461 460 457 
1537 203 462 461 458 
1538 203 463 450 449 
1539 203 464 463 460 
1540 203 465 464 461 
1541 203 466 453 70 
1542 203 467 456 453 
1543 203 468 459 456 
1544 203 469 462 459 
1545 203 470 465 462 
1546 203 471 466 71 
1547 203 472 471 93 
1548 203 473 472 94 
1549 203 474 473 95 
1550 203 475 474 96 
1551 203 476 475 97 
1552 203 477 476 98 
1553 203 478 467 466 
1554 203 479 478 471 
1555 203 480 479 472 
1556 203 481 480 473 
1557 203 482 481 474 
1558 203 483 482 475 
1559 203 484 483 476 
1560 203 485 468 467 
1561 203 486 485 478 
1562 203 487 486 479 
1563 203 488 487 480 
1564 203 489 488 481 
1565 203 490 489 482 
1566 203 491 490 483 
1567 203 492 469 468 
1568 203 493 492 485 
1569 203 494 493 486 
1570 203 495 494 487 
1571 203 496 495 488 
1572 203 497 496 489 
1573 203 498 497 490 
1574 203 499 470 469 
1575 203 500 499 492 
1576 203 501 500 493 
1577 203 502 501 494 
1578 203 503 502 495 
1579 203 504 503 496 
1580 203 505 504 497 
1581 203 506 477 72 
1582 203 507 506 92 
1583 203 508 484 477 
1584 203 509 508 506 
1585 203 510 491 484 
1586 203 511 510 508 
1587 203 512 498 491 
1588 203 513 512 510 
1589 203 514 505 498 
1590 203 515 514 512 
1591 203 516 507 73 
1592 203 517 516 91 
1593 203 518 509 507 
1594 203 519 518 516 
1595 203 520 511 509 
1596 203 521 520 518 
1597 203 522 513 511 
1598 203 523 522 520 
1599 203 524 515 513 
1600 203 525 524 522 
1601 203 526 517 74 
1602 203 527 519 517 
1603 203 528 521 519 
1604 203 529 523 521 
1605 203 530 525 523 
1606 203 531 526 75 
1607 203 532 527 526 
1608 203 533 528 527 
1609 203 534 529 528 
1610 203 535 530 529 
1611 203 536 531 76 
1612 203 537 536 90 
1613 203 538 537 89 
1614 203 539 538 88 
1615 203 540 539 87 
1616 203 541 540 86 
1617 203 542 541 85 
1618 203 543 542 84 
1619 203 544 543 83 
1620 203 545 532 531 
1621 203 546 545 536 
1622 203 547 546 537 
1623 203 548 547 538 
1624 203 549 548 539 
1625 203 550 549 540 
1626 203 551 550 541 
1627 203 552 551 542 
1628 203 553 552 543 
1629 203 554 533 532 
1630 203 555 554 545 
1631 203 556 555 546 
1632 203 557 556 547 
1633 203 558 557 548 
1634 203 559 558 549 
1635 203 560 559 550 
1636 203 561 560 551 
1637 203 562 561 552 
1638 203 563 534 533 
1639 203 564 563 554 
1640 203 565 564 555 
1641 203 566 565 556 
1642 203 567 566 557 
1643 203 568 567 558 
1644 203 569 568 559 
1645 203 570 569 560 
1646 203 571 570 561 
1647 203 572 535 534 
1648 203 573 572 563 
1649 203 574 573 564 
1650 203 575 574 565 
1651 203 576 575 566 
1652 203 577 576 567 
1653 203 578 577 568 
1654 203 579 578 569 
1655 203 580 579 570 
1656 203 581 544 77 
1657 203 582 553 544 
1658 203 583 562 553 
1659 203 584 571 562 
1660 203 585 580 571 
1661 203 586 581 78 
1662 203 587 586 80 
1663 203 588 587 81 
1664 203 111 588 82 
1665 203 589 582 581 
1666 203 590 589 586 
1667 203 591 590 587 
1668 203 113 591 588 
1669 203 592 583 582 
1670 203 593 592 589 
1671 203 594 593 590 
1672 203 115 594 591 
1673 203 595 584 583 
1674 203 596 595 592 
1675 203 597 596 593 
1676 203 117 597 594 
1677 203 598 585 584 
1678 203 599 598 595 
1679 203 600 599 596 
1680 203 119 600 597 
1681 203 602 601 68 
1682 203 603 602 101 
1683 203 604 603 102 
1684 203 605 604 103 
1685 203 606 605 104 
1686 203 607 606 105 
1687 203 609 608 601 
1688 203 610 609 602 
1689 203 611 610 603 
1690 203 612 611 604 
1691 203 613 612 605 
1692 203 614 613 606 
1693 203 616 615 608 
1694 203 617 616 609 
1695 203 618 617 610 
1696 203 619 618 611 
1697 203 620 619 612 
1698 203 621 620 613 
1699 203 623 622 615 
1700 203 624 623 616 
1701 203 625 624 617 
1702 203 626 625 618 
1703 203 627 626 619 
1704 203 628 627 620 
1705 203 630 629 622 
1706 203 631 630 623 
1707 203 632 631 624 
1708 203 633 632 625 
1709 203 634 633 626 
1710 203 635 634 627 
1711 203 636 607 67 
1712 203 637 636 106 
1713 203 638 637 107 
1714 203 639 638 108 
1715 203 640 639 109 
1716 203 601 640 110 
1717 203 641 614 607 
1718 203 642 641 636 
1719 203 643 642 637 
1720 203 644 643 638 
1721 203 645 644 639 
1722 203 608 645 640 
1723 203 646 621 614 
1724 203 647 646 641 
1725 203 648 647 642 
1726 203 649 648 643 
1727 203 650 649 644 
1728 203 615 650 645 
1729 203 651 628 621 
1730 203 652 651 646 
1731 203 653 652 647 
1732 203 654 653 648 
1733 203 655 654 649 
1734 203 622 655 650 
1735 203 656 635 628 
1736 203 657 656 651 
1737 203 658 657 652 
1738 203 659 658 653 
1739 203 660 659 654 
1740 203 629 660 655 
